,reads;_of_these:,were_unpaired;_of_these:,aligned_0_times,aligned_exactly_1_time,aligned_>1_times,overall_alignment_rate
P2-N_L3_808508.R2.clean_H,18032490,100.00%,58.75%,36.87%,4.38%,41.25%
P14_L3_805505.R2.clean_L,26948358,100.00%,37.60%,56.30%,6.10%,62.40%
P11-N_L2_807507.R2.clean_M,16357819,100.00%,84.95%,13.70%,1.34%,15.05%
P14_L3_805505.R2.clean_H,56756769,100.00%,36.96%,56.34%,6.71%,63.04%
P13_L3_804504.R2.clean_M,129193536,100.00%,43.19%,50.70%,6.11%,56.81%
P11-1_801501.R2.clean_H,10574970,100.00%,40.95%,53.40%,5.65%,59.05%
P11-2_802502.R2.clean_H,62900329,100.00%,41.86%,51.63%,6.51%,58.14%
P15_L3_806506.R2.clean_L,45609615,100.00%,48.50%,46.62%,4.88%,51.50%
P11-1_801501.R2.clean_M,10763323,100.00%,44.06%,50.84%,5.11%,55.94%
P2-N_L3_808508.R2.clean_M,20209711,100.00%,67.95%,29.05%,3.00%,32.05%
P11-2_802502.R2.clean_M,59196545,100.00%,42.80%,50.89%,6.31%,57.20%
P11-N_L2_807507.R2.clean_H,61681032,100.00%,93.55%,5.89%,0.56%,6.45%
P12_L3_803503.R2.clean_H,17278899,100.00%,43.80%,50.92%,5.28%,56.20%
P11-1_801501.R2.clean_L,12756408,100.00%,38.52%,55.68%,5.81%,61.48%
P11-N_L2_807507.R2.clean_L,6197563,100.00%,44.18%,51.12%,4.70%,55.82%
P11-2_802502.R2.clean_L,43160765,100.00%,39.79%,53.72%,6.49%,60.21%
P2-N_L3_808508.R2.clean_L,40725693,100.00%,59.43%,36.74%,3.82%,40.57%
P13_L3_804504.R2.clean_L,122517801,100.00%,36.32%,57.23%,6.45%,63.68%
P13_L3_804504.R2.clean_H,125693729,100.00%,41.67%,50.90%,7.43%,58.33%
P12_L3_803503.R2.clean_M,16593784,100.00%,44.22%,50.71%,5.07%,55.78%
P12_L3_803503.R2.clean_L,16080974,100.00%,40.11%,54.52%,5.37%,59.89%
P15_L3_806506.R2.clean_H,32359357,100.00%,68.13%,28.96%,2.92%,31.87%
