,reads;_of_these:,were_unpaired;_of_these:,aligned_0_times,aligned_exactly_1_time,aligned_>1_times,overall_alignment_rate
P11-1_801501.R2.clean_AGTGGTCA,21147,100.00%,94.86%,4.64%,0.50%,5.14%
P11-1_801501.R2.clean_ACCACTGT,28810,100.00%,95.39%,4.05%,0.56%,4.61%
P11-1_801501.R2.clean_CCGAAGTA,6605,100.00%,88.33%,10.58%,1.09%,11.67%
P11-1_801501.R2.clean_TATCAGCA,11879,100.00%,88.48%,9.48%,2.04%,11.52%
P11-1_801501.R2.clean_GCTAACGA,12810,100.00%,91.83%,7.26%,0.91%,8.17%
P11-1_801501.R2.clean_CACCTTAC,9542,100.00%,90.39%,8.37%,1.24%,9.61%
P11-1_801501.R2.clean_ACCTCCAA,23698,100.00%,96.09%,3.43%,0.48%,3.91%
P11-1_801501.R2.clean_GAACAGGC,10224,100.00%,86.61%,12.22%,1.17%,13.39%
P11-1_801501.R2.clean_ACGCTCGA,10186,100.00%,90.89%,8.28%,0.83%,9.11%
P11-1_801501.R2.clean_TAGGATGA,11269,100.00%,90.27%,8.43%,1.30%,9.73%
P11-1_801501.R2.clean_AACTCACC,12340,100.00%,91.12%,7.75%,1.13%,8.88%
P11-1_801501.R2.clean_CAACCACA,29471,100.00%,95.98%,3.64%,0.38%,4.02%
P11-1_801501.R2.clean_CCGACAAC,15234,100.00%,88.25%,10.11%,1.64%,11.75%
P11-1_801501.R2.clean_ATCCTGTA,22885,100.00%,94.30%,5.16%,0.54%,5.70%
P11-1_801501.R2.clean_CTGAGCCA,8805,100.00%,86.03%,12.54%,1.43%,13.97%
P11-1_801501.R2.clean_CCAGTTCA,10506,100.00%,92.13%,7.33%,0.54%,7.87%
P11-1_801501.R2.clean_CCGTGAGA,3933,100.00%,80.17%,17.82%,2.01%,19.83%
P11-1_801501.R2.clean_TTCACGCA,25753,100.00%,90.46%,7.94%,1.60%,9.54%
P11-1_801501.R2.clean_AGATGTAC,4171636,100.00%,35.97%,58.44%,5.59%,64.03%
P11-1_801501.R2.clean_GACAGTGC,16254,100.00%,92.30%,6.87%,0.82%,7.70%
P11-1_801501.R2.clean_AGTACAAG,12298,100.00%,90.27%,8.77%,0.97%,9.73%
P11-1_801501.R2.clean_ACGTATCA,28551,100.00%,97.28%,2.46%,0.27%,2.72%
P11-1_801501.R2.clean_CCATCCTC,16116,100.00%,87.35%,10.19%,2.46%,12.65%
P11-1_801501.R2.clean_AACAACCA,1077724,100.00%,98.79%,1.12%,0.08%,1.21%
P11-1_801501.R2.clean_CTGGCATA,13075,100.00%,92.75%,6.57%,0.68%,7.25%
P11-1_801501.R2.clean_ACATTGGC,29982,100.00%,94.87%,4.62%,0.51%,5.13%
P11-1_801501.R2.clean_GCTCGGTA,6336,100.00%,87.80%,11.10%,1.10%,12.20%
P11-1_801501.R2.clean_AGCACCTC,5021987,100.00%,34.70%,59.38%,5.92%,65.30%
P11-1_801501.R2.clean_AACCGAGA,37802,100.00%,96.11%,3.55%,0.34%,3.89%
P11-1_801501.R2.clean_GAGTTAGC,21872,100.00%,94.58%,4.92%,0.50%,5.42%
P11-1_801501.R2.clean_ATTGAGGA,34593,100.00%,96.76%,2.89%,0.35%,3.24%
