,reads;_of_these:,were_unpaired;_of_these:,aligned_0_times,aligned_exactly_1_time,aligned_>1_times,overall_alignment_rate
P11-N_L2_807507.R2.clean_ACACGACC,49116,100.00%,40.10%,52.54%,7.36%,59.90%
P11-N_L2_807507.R2.clean_GGTGCGAA,349693,100.00%,34.08%,58.57%,7.34%,65.92%
P11-N_L2_807507.R2.clean_TCTTCACA,249933,100.00%,32.03%,62.65%,5.32%,67.97%
P11-N_L2_807507.R2.clean_GTACGCAA,154719,100.00%,49.01%,46.87%,4.12%,50.99%
P11-N_L2_807507.R2.clean_CCGTGAGA,497214,100.00%,33.66%,60.53%,5.81%,66.34%
P11-N_L2_807507.R2.clean_AGAGTCAA,437457,100.00%,43.87%,52.08%,4.05%,56.13%
P11-N_L2_807507.R2.clean_ACTATGCA,5060733,100.00%,97.50%,2.34%,0.16%,2.50%
P11-N_L2_807507.R2.clean_GAATCTGA,183087,100.00%,40.58%,54.14%,5.28%,59.42%
P11-N_L2_807507.R2.clean_CAGATCTG,81857,100.00%,47.59%,47.55%,4.86%,52.41%
P11-N_L2_807507.R2.clean_AAGACGGA,189080,100.00%,33.27%,60.78%,5.95%,66.73%
P11-N_L2_807507.R2.clean_AATGTTGC,41669,100.00%,42.84%,51.87%,5.29%,57.16%
P11-N_L2_807507.R2.clean_CAAGACTA,110374,100.00%,56.13%,41.81%,2.06%,43.87%
P11-N_L2_807507.R2.clean_GACTAGTA,177078,100.00%,42.64%,52.97%,4.39%,57.36%
P11-N_L2_807507.R2.clean_GGAGAACA,269632,100.00%,36.68%,57.95%,5.37%,63.32%
P11-N_L2_807507.R2.clean_AAGGACAC,268908,100.00%,31.45%,61.82%,6.73%,68.55%
P11-N_L2_807507.R2.clean_AAGAGATC,56626,100.00%,42.43%,52.81%,4.76%,57.57%
P11-N_L2_807507.R2.clean_ATTGGCTC,62994,100.00%,36.22%,57.76%,6.01%,63.78%
P11-N_L2_807507.R2.clean_ACAGATTC,63721,100.00%,36.84%,57.45%,5.71%,63.16%
P11-N_L2_807507.R2.clean_CGGATTGC,35899,100.00%,35.85%,56.61%,7.53%,64.15%
P11-N_L2_807507.R2.clean_CGACACAC,96540,100.00%,35.10%,58.92%,5.99%,64.90%
P11-N_L2_807507.R2.clean_CAATGGAA,402030,100.00%,34.66%,60.13%,5.20%,65.34%
P11-N_L2_807507.R2.clean_TGAAGAGA,294508,100.00%,29.10%,64.64%,6.26%,70.90%
P11-N_L2_807507.R2.clean_CCTCCTGA,1554459,100.00%,84.90%,14.03%,1.08%,15.10%
P11-N_L2_807507.R2.clean_AACGCTTA,48760555,100.00%,99.58%,0.39%,0.03%,0.42%
P11-N_L2_807507.R2.clean_TCCGTCTA,1024893,100.00%,75.39%,22.96%,1.65%,24.61%
P11-N_L2_807507.R2.clean_CGAACTTA,240054,100.00%,49.41%,47.12%,3.47%,50.59%
P11-N_L2_807507.R2.clean_CAAGGAGC,47655,100.00%,34.92%,58.96%,6.13%,65.08%
P11-N_L2_807507.R2.clean_CATCAAGT,433358,100.00%,62.20%,35.04%,2.76%,37.80%
P11-N_L2_807507.R2.clean_ATCATTCC,7790,100.00%,90.13%,7.63%,2.25%,9.87%
P11-N_L2_807507.R2.clean_AATCCGTC,45786,100.00%,68.89%,21.02%,10.09%,31.11%
P11-N_L2_807507.R2.clean_CTAAGGTC,148387,100.00%,33.74%,60.29%,5.96%,66.26%
P11-N_L2_807507.R2.clean_GAGCTGAA,285227,100.00%,58.89%,37.97%,3.14%,41.11%
