,reads;_of_these:,were_unpaired;_of_these:,aligned_0_times,aligned_exactly_1_time,aligned_>1_times,overall_alignment_rate
P11-2_802502.R2.clean_TGGTGGTA,1336885,100.00%,37.43%,56.79%,5.78%,62.57%
P11-2_802502.R2.clean_CCAGTTCA,1293729,100.00%,40.24%,54.88%,4.88%,59.76%
P11-2_802502.R2.clean_TTCACGCA,1906758,100.00%,38.53%,55.54%,5.94%,61.47%
P11-2_802502.R2.clean_AACAACCA,6800782,100.00%,84.31%,14.54%,1.15%,15.69%
P11-2_802502.R2.clean_AACCGAGA,1782925,100.00%,41.41%,53.44%,5.15%,58.59%
P11-2_802502.R2.clean_TAGGATGA,1887992,100.00%,36.73%,58.13%,5.14%,63.27%
P11-2_802502.R2.clean_ATCCTGTA,2873689,100.00%,42.56%,52.17%,5.27%,57.44%
P11-2_802502.R2.clean_TATCAGCA,2004812,100.00%,37.59%,57.00%,5.40%,62.41%
P11-2_802502.R2.clean_ACGCTCGA,728698,100.00%,37.91%,55.77%,6.32%,62.09%
P11-2_802502.R2.clean_CACCTTAC,1596552,100.00%,38.23%,55.70%,6.07%,61.77%
P11-2_802502.R2.clean_ACGTATCA,664590,100.00%,47.71%,47.79%,4.50%,52.29%
P11-2_802502.R2.clean_GAACAGGC,1891069,100.00%,38.04%,55.76%,6.20%,61.96%
P11-2_802502.R2.clean_GAGTTAGC,1607534,100.00%,41.40%,52.84%,5.76%,58.60%
P11-2_802502.R2.clean_AGTACAAG,1494482,100.00%,39.77%,54.64%,5.59%,60.23%
P11-2_802502.R2.clean_AGCCATGC,2901016,100.00%,36.03%,57.91%,6.05%,63.97%
P11-2_802502.R2.clean_GCTAACGA,5358588,100.00%,33.99%,59.92%,6.10%,66.01%
P11-2_802502.R2.clean_AGTGGTCA,1104728,100.00%,40.72%,53.95%,5.33%,59.28%
P11-2_802502.R2.clean_CTGAGCCA,1052687,100.00%,38.49%,55.48%,6.03%,61.51%
P11-2_802502.R2.clean_ACATTGGC,1635477,100.00%,40.46%,52.79%,6.76%,59.54%
P11-2_802502.R2.clean_AGATGTAC,1702578,100.00%,40.00%,54.54%,5.46%,60.00%
P11-2_802502.R2.clean_ACCACTGT,1030681,100.00%,39.51%,54.75%,5.74%,60.49%
P11-2_802502.R2.clean_CCATCCTC,736876,100.00%,41.64%,52.46%,5.90%,58.36%
P11-2_802502.R2.clean_GACAGTGC,2006342,100.00%,38.50%,55.89%,5.60%,61.50%
P11-2_802502.R2.clean_CTGGCATA,931767,100.00%,44.56%,49.87%,5.58%,55.44%
P11-2_802502.R2.clean_CAACCACA,1442216,100.00%,43.27%,50.51%,6.22%,56.73%
P11-2_802502.R2.clean_CCGAAGTA,1742885,100.00%,39.88%,54.92%,5.20%,60.12%
P11-2_802502.R2.clean_AGCACCTC,3046736,100.00%,36.13%,57.72%,6.15%,63.87%
P11-2_802502.R2.clean_CCGACAAC,1983062,100.00%,36.12%,57.95%,5.93%,63.88%
P11-2_802502.R2.clean_ACCTCCAA,341417,100.00%,47.20%,43.71%,9.09%,52.80%
P11-2_802502.R2.clean_AACTCACC,1248765,100.00%,37.74%,54.71%,7.55%,62.26%
P11-2_802502.R2.clean_ATTGAGGA,1521272,100.00%,39.90%,54.50%,5.60%,60.10%
P11-2_802502.R2.clean_GCTCGGTA,1538955,100.00%,39.55%,54.48%,5.97%,60.45%
