,reads;_of_these:,were_unpaired;_of_these:,aligned_0_times,aligned_exactly_1_time,aligned_>1_times,overall_alignment_rate
P11-2_802502.R2.clean_GAGCTGAA,355904,100.00%,55.31%,38.62%,6.07%,44.69%
P11-2_802502.R2.clean_AACGCTTA,1227661,100.00%,42.44%,52.86%,4.70%,57.56%
P11-2_802502.R2.clean_CAAGGAGC,4510441,100.00%,35.01%,58.27%,6.72%,64.99%
P11-2_802502.R2.clean_ACTATGCA,1638238,100.00%,43.69%,50.45%,5.86%,56.31%
P11-2_802502.R2.clean_CCTCCTGA,153245,100.00%,57.93%,26.19%,15.87%,42.07%
P11-2_802502.R2.clean_CATCAAGT,726786,100.00%,45.71%,48.50%,5.79%,54.29%
P11-2_802502.R2.clean_CCGTGAGA,784002,100.00%,44.24%,44.71%,11.05%,55.76%
P11-2_802502.R2.clean_ACAGATTC,1456945,100.00%,38.53%,55.54%,5.93%,61.47%
P11-2_802502.R2.clean_CTAAGGTC,2898788,100.00%,38.99%,55.19%,5.81%,61.01%
P11-2_802502.R2.clean_AAGGACAC,1622330,100.00%,38.20%,56.94%,4.86%,61.80%
P11-2_802502.R2.clean_CAAGACTA,1758166,100.00%,39.06%,55.30%,5.65%,60.94%
P11-2_802502.R2.clean_CGGATTGC,711208,100.00%,39.25%,52.50%,8.25%,60.75%
P11-2_802502.R2.clean_AATCCGTC,1552712,100.00%,37.14%,56.93%,5.93%,62.86%
P11-2_802502.R2.clean_AAGAGATC,4210486,100.00%,35.59%,58.14%,6.27%,64.41%
P11-2_802502.R2.clean_AATGTTGC,2500546,100.00%,37.27%,56.61%,6.13%,62.73%
P11-2_802502.R2.clean_ACACGACC,612694,100.00%,46.20%,46.85%,6.94%,53.80%
P11-2_802502.R2.clean_TCCGTCTA,8138962,100.00%,66.72%,30.15%,3.14%,33.28%
P11-2_802502.R2.clean_GTACGCAA,864895,100.00%,42.31%,52.09%,5.60%,57.69%
P11-2_802502.R2.clean_CAATGGAA,1121614,100.00%,42.67%,49.63%,7.70%,57.33%
P11-2_802502.R2.clean_TGAAGAGA,1836265,100.00%,37.07%,56.96%,5.98%,62.93%
P11-2_802502.R2.clean_GGAGAACA,566960,100.00%,48.54%,42.90%,8.56%,51.46%
P11-2_802502.R2.clean_CAGATCTG,4648755,100.00%,36.04%,57.70%,6.26%,63.96%
P11-2_802502.R2.clean_AGAGTCAA,552006,100.00%,60.05%,31.88%,8.07%,39.95%
P11-2_802502.R2.clean_ATCATTCC,2391480,100.00%,38.89%,54.87%,6.25%,61.11%
P11-2_802502.R2.clean_ATTGGCTC,2415145,100.00%,36.70%,57.94%,5.36%,63.30%
P11-2_802502.R2.clean_CGACACAC,1804531,100.00%,56.79%,39.52%,3.69%,43.21%
P11-2_802502.R2.clean_TCTTCACA,2629699,100.00%,36.98%,57.81%,5.21%,63.02%
P11-2_802502.R2.clean_AAGACGGA,2019637,100.00%,36.62%,57.41%,5.97%,63.38%
P11-2_802502.R2.clean_GAATCTGA,1759284,100.00%,38.63%,55.35%,6.03%,61.37%
P11-2_802502.R2.clean_GGTGCGAA,1671348,100.00%,37.98%,55.96%,6.05%,62.02%
P11-2_802502.R2.clean_CGAACTTA,2125887,100.00%,38.69%,54.51%,6.80%,61.31%
P11-2_802502.R2.clean_GACTAGTA,1633709,100.00%,43.94%,50.83%,5.23%,56.06%
