,reads;_of_these:,were_unpaired;_of_these:,aligned_0_times,aligned_exactly_1_time,aligned_>1_times,overall_alignment_rate
P11-2_802502.R2.clean_AGATCGCA,142036,100.00%,69.60%,17.24%,13.16%,30.40%
P11-2_802502.R2.clean_ACAGCAGA,1721736,100.00%,38.70%,56.51%,4.79%,61.30%
P11-2_802502.R2.clean_CAGCGTTA,1098778,100.00%,39.17%,54.54%,6.29%,60.83%
P11-2_802502.R2.clean_CATACCAA,969674,100.00%,40.03%,54.82%,5.16%,59.97%
P11-2_802502.R2.clean_GATGAATC,2607343,100.00%,36.69%,56.98%,6.33%,63.31%
P11-2_802502.R2.clean_GATAGACA,2004086,100.00%,40.29%,54.30%,5.40%,59.71%
P11-2_802502.R2.clean_CGACTGGA,2527179,100.00%,36.35%,58.08%,5.57%,63.65%
P11-2_802502.R2.clean_AACGTGAT,1044528,100.00%,39.97%,54.72%,5.31%,60.03%
P11-2_802502.R2.clean_GCGAGTAA,1951387,100.00%,39.33%,55.37%,5.30%,60.67%
P11-2_802502.R2.clean_ACACAGAA,389325,100.00%,46.70%,45.45%,7.85%,53.30%
P11-2_802502.R2.clean_CTCAATGA,1995835,100.00%,39.53%,55.39%,5.08%,60.47%
P11-2_802502.R2.clean_GTCTGTCA,573866,100.00%,47.94%,43.56%,8.50%,52.06%
P11-2_802502.R2.clean_CGCTGATC,1574689,100.00%,56.98%,38.50%,4.52%,43.02%
P11-2_802502.R2.clean_GCCACATA,2642823,100.00%,40.37%,54.81%,4.81%,59.63%
P11-2_802502.R2.clean_TGGAACAA,238687,100.00%,66.40%,20.41%,13.19%,33.60%
P11-2_802502.R2.clean_GTGTTCTA,179795,100.00%,66.05%,19.53%,14.42%,33.95%
P11-2_802502.R2.clean_ATAGCGAC,1215033,100.00%,39.35%,55.67%,4.98%,60.65%
P11-2_802502.R2.clean_TGGCTTCA,3429296,100.00%,36.17%,58.36%,5.47%,63.83%
P11-2_802502.R2.clean_CGCATACA,1211785,100.00%,41.34%,53.05%,5.61%,58.66%
P11-2_802502.R2.clean_ACAAGCTA,1093968,100.00%,40.36%,54.34%,5.30%,59.64%
P11-2_802502.R2.clean_AGGCTAAC,2491232,100.00%,38.14%,56.71%,5.15%,61.86%
P11-2_802502.R2.clean_CACTTCGA,955708,100.00%,41.05%,53.43%,5.53%,58.95%
P11-2_802502.R2.clean_AAACATCG,369818,100.00%,45.42%,50.98%,3.60%,54.58%
P11-2_802502.R2.clean_CCTCTATC,2331209,100.00%,41.29%,52.02%,6.68%,58.71%
P11-2_802502.R2.clean_GCCAAGAC,1811772,100.00%,37.52%,55.53%,6.95%,62.48%
P11-2_802502.R2.clean_CTGTAGCC,1109856,100.00%,43.03%,51.31%,5.66%,56.97%
P11-2_802502.R2.clean_ATGCCTAA,1005635,100.00%,40.76%,51.67%,7.57%,59.24%
P11-2_802502.R2.clean_AAGGTACA,1617719,100.00%,39.26%,55.23%,5.51%,60.74%
P11-2_802502.R2.clean_AGTCACTA,751726,100.00%,44.14%,50.51%,5.36%,55.86%
P11-2_802502.R2.clean_AGCAGGAA,220766,100.00%,74.56%,15.29%,10.15%,25.44%
P11-2_802502.R2.clean_GTCGTAGA,304852,100.00%,71.11%,17.68%,11.21%,28.89%
P11-2_802502.R2.clean_CCTAATCC,1578623,100.00%,42.17%,53.43%,4.41%,57.83%
