,reads;_of_these:,were_unpaired;_of_these:,aligned_0_times,aligned_exactly_1_time,aligned_>1_times,overall_alignment_rate
P11-N_L2_807507.R2.clean_AGATCGCA,137781,100.00%,40.23%,55.93%,3.84%,59.77%
P11-N_L2_807507.R2.clean_GTCTGTCA,287537,100.00%,33.59%,60.67%,5.74%,66.41%
P11-N_L2_807507.R2.clean_ACAGCAGA,108893,100.00%,47.86%,47.54%,4.61%,52.14%
P11-N_L2_807507.R2.clean_TGGCTTCA,146342,100.00%,39.01%,55.48%,5.50%,60.99%
P11-N_L2_807507.R2.clean_CCTAATCC,43120,100.00%,48.05%,45.57%,6.38%,51.95%
P11-N_L2_807507.R2.clean_CGACTGGA,166668,100.00%,36.93%,58.49%,4.57%,63.07%
P11-N_L2_807507.R2.clean_ACACAGAA,205590,100.00%,75.24%,23.09%,1.67%,24.76%
P11-N_L2_807507.R2.clean_ATAGCGAC,71807,100.00%,35.48%,59.84%,4.69%,64.52%
P11-N_L2_807507.R2.clean_GATAGACA,337915,100.00%,33.52%,60.40%,6.09%,66.48%
P11-N_L2_807507.R2.clean_ACAAGCTA,158024,100.00%,43.02%,52.36%,4.62%,56.98%
P11-N_L2_807507.R2.clean_CACTTCGA,211462,100.00%,45.16%,50.63%,4.21%,54.84%
P11-N_L2_807507.R2.clean_AGGCTAAC,82116,100.00%,36.09%,58.24%,5.67%,63.91%
P11-N_L2_807507.R2.clean_TGGAACAA,299096,100.00%,35.27%,57.92%,6.81%,64.73%
P11-N_L2_807507.R2.clean_GCCAAGAC,333476,100.00%,31.13%,63.57%,5.30%,68.87%
P11-N_L2_807507.R2.clean_AGTCACTA,554094,100.00%,34.88%,59.97%,5.15%,65.12%
P11-N_L2_807507.R2.clean_CTGTAGCC,99125,100.00%,48.20%,45.69%,6.11%,51.80%
P11-N_L2_807507.R2.clean_GATGAATC,78397,100.00%,38.45%,56.93%,4.62%,61.55%
P11-N_L2_807507.R2.clean_AAGGTACA,293301,100.00%,33.58%,61.17%,5.24%,66.42%
P11-N_L2_807507.R2.clean_GTGTTCTA,157359,100.00%,37.25%,56.29%,6.46%,62.75%
P11-N_L2_807507.R2.clean_GCGAGTAA,33836,100.00%,74.17%,15.78%,10.05%,25.83%
P11-N_L2_807507.R2.clean_CTCAATGA,80580,100.00%,91.06%,6.68%,2.26%,8.94%
P11-N_L2_807507.R2.clean_ATGCCTAA,368552,100.00%,47.27%,48.48%,4.25%,52.73%
P11-N_L2_807507.R2.clean_CAGCGTTA,125969,100.00%,39.13%,56.15%,4.71%,60.87%
P11-N_L2_807507.R2.clean_CGCATACA,201605,100.00%,49.98%,46.27%,3.75%,50.02%
P11-N_L2_807507.R2.clean_AGCAGGAA,166945,100.00%,40.43%,54.73%,4.84%,59.57%
P11-N_L2_807507.R2.clean_CCTCTATC,133488,100.00%,43.30%,52.94%,3.76%,56.70%
P11-N_L2_807507.R2.clean_GCCACATA,166665,100.00%,69.92%,27.37%,2.71%,30.08%
P11-N_L2_807507.R2.clean_GTCGTAGA,86587,100.00%,40.08%,53.11%,6.80%,59.92%
P11-N_L2_807507.R2.clean_CGCTGATC,207248,100.00%,57.93%,38.05%,4.02%,42.07%
P11-N_L2_807507.R2.clean_AACGTGAT,48273,100.00%,69.92%,19.02%,11.06%,30.08%
P11-N_L2_807507.R2.clean_AAACATCG,596054,100.00%,63.25%,34.37%,2.38%,36.75%
P11-N_L2_807507.R2.clean_CATACCAA,209658,100.00%,41.78%,53.23%,4.98%,58.22%
