,reads;_of_these:,were_unpaired;_of_these:,aligned_0_times,aligned_exactly_1_time,aligned_>1_times,overall_alignment_rate
P11-N_L2_807507.R2.clean_ACCACTGT,698779,100.00%,82.45%,16.10%,1.45%,17.55%
P11-N_L2_807507.R2.clean_CAACCACA,209309,100.00%,45.47%,50.30%,4.24%,54.53%
P11-N_L2_807507.R2.clean_AGCCATGC,60990,100.00%,39.73%,54.27%,6.00%,60.27%
P11-N_L2_807507.R2.clean_GACAGTGC,86819,100.00%,39.20%,55.04%,5.76%,60.80%
P11-N_L2_807507.R2.clean_CTGAGCCA,129427,100.00%,39.28%,55.63%,5.09%,60.72%
P11-N_L2_807507.R2.clean_TTCACGCA,42490,100.00%,86.05%,8.17%,5.78%,13.95%
P11-N_L2_807507.R2.clean_AGATGTAC,83348,100.00%,36.60%,58.95%,4.45%,63.40%
P11-N_L2_807507.R2.clean_TATCAGCA,385288,100.00%,53.68%,42.79%,3.52%,46.32%
P11-N_L2_807507.R2.clean_AGCACCTC,24147,100.00%,52.18%,42.60%,5.22%,47.82%
P11-N_L2_807507.R2.clean_ACGCTCGA,87044,100.00%,47.27%,47.79%,4.94%,52.73%
P11-N_L2_807507.R2.clean_TGGTGGTA,133866,100.00%,36.67%,58.21%,5.12%,63.33%
P11-N_L2_807507.R2.clean_ACCTCCAA,4490860,100.00%,95.67%,4.07%,0.26%,4.33%
P11-N_L2_807507.R2.clean_CCAGTTCA,117553,100.00%,44.38%,51.65%,3.97%,55.62%
P11-N_L2_807507.R2.clean_CCGAAGTA,78629,100.00%,61.88%,34.73%,3.39%,38.12%
P11-N_L2_807507.R2.clean_ATTGAGGA,238750,100.00%,57.26%,39.34%,3.40%,42.74%
P11-N_L2_807507.R2.clean_AGTACAAG,243505,100.00%,34.58%,59.80%,5.62%,65.42%
P11-N_L2_807507.R2.clean_GCTAACGA,6180989,100.00%,98.42%,1.46%,0.12%,1.58%
P11-N_L2_807507.R2.clean_ACGTATCA,227691,100.00%,82.62%,16.07%,1.31%,17.38%
P11-N_L2_807507.R2.clean_ACATTGGC,233114,100.00%,40.13%,55.43%,4.44%,59.87%
P11-N_L2_807507.R2.clean_ATCCTGTA,160458,100.00%,46.86%,49.38%,3.76%,53.14%
P11-N_L2_807507.R2.clean_AACTCACC,137114,100.00%,45.37%,50.15%,4.48%,54.63%
P11-N_L2_807507.R2.clean_CCGACAAC,31859,100.00%,43.80%,50.81%,5.40%,56.20%
P11-N_L2_807507.R2.clean_CACCTTAC,39903,100.00%,42.29%,53.02%,4.69%,57.71%
P11-N_L2_807507.R2.clean_AACAACCA,1174583,100.00%,90.71%,8.52%,0.77%,9.29%
P11-N_L2_807507.R2.clean_AGTGGTCA,151721,100.00%,35.78%,58.09%,6.12%,64.22%
P11-N_L2_807507.R2.clean_GCTCGGTA,196504,100.00%,37.31%,54.83%,7.87%,62.69%
P11-N_L2_807507.R2.clean_CTGGCATA,132622,100.00%,44.73%,50.38%,4.89%,55.27%
P11-N_L2_807507.R2.clean_GAACAGGC,22163,100.00%,71.16%,14.31%,14.52%,28.84%
P11-N_L2_807507.R2.clean_GAGTTAGC,39899,100.00%,50.53%,44.29%,5.18%,49.47%
P11-N_L2_807507.R2.clean_AACCGAGA,141886,100.00%,92.06%,5.96%,1.98%,7.94%
P11-N_L2_807507.R2.clean_TAGGATGA,327450,100.00%,55.40%,40.71%,3.90%,44.60%
P11-N_L2_807507.R2.clean_CCATCCTC,49059,100.00%,39.28%,55.17%,5.55%,60.72%
