,reads;_of_these:,were_unpaired;_of_these:,aligned_0_times,aligned_exactly_1_time,aligned_>1_times,overall_alignment_rate
P11-1_801501.R2.clean_GCGAGTAA,14154,100.00%,92.75%,6.56%,0.69%,7.25%
P11-1_801501.R2.clean_ATGCCTAA,26773,100.00%,96.15%,3.49%,0.36%,3.85%
P11-1_801501.R2.clean_AGATCGCA,43648,100.00%,95.39%,4.06%,0.55%,4.61%
P11-1_801501.R2.clean_CTCAATGA,14577,100.00%,93.85%,5.55%,0.60%,6.15%
P11-1_801501.R2.clean_CCTCTATC,259105,100.00%,43.48%,52.60%,3.92%,56.52%
P11-1_801501.R2.clean_GTCTGTCA,11586,100.00%,91.20%,7.47%,1.33%,8.80%
P11-1_801501.R2.clean_AGTCACTA,14415,100.00%,93.66%,5.79%,0.55%,6.34%
P11-1_801501.R2.clean_TGGCTTCA,20522,100.00%,93.96%,5.34%,0.71%,6.04%
P11-1_801501.R2.clean_AACGTGAT,28841,100.00%,95.23%,4.14%,0.63%,4.77%
P11-1_801501.R2.clean_TGGTGGTA,9679,100.00%,88.24%,10.66%,1.10%,11.76%
P11-1_801501.R2.clean_GATGAATC,81262,100.00%,97.98%,1.77%,0.24%,2.02%
P11-1_801501.R2.clean_CATACCAA,7883,100.00%,92.01%,7.47%,0.52%,7.99%
P11-1_801501.R2.clean_GCCACATA,11402,100.00%,87.68%,10.74%,1.58%,12.32%
P11-1_801501.R2.clean_GATAGACA,74725,100.00%,90.72%,8.58%,0.70%,9.28%
P11-1_801501.R2.clean_TGGAACAA,11740,100.00%,92.85%,6.29%,0.86%,7.15%
P11-1_801501.R2.clean_CGCATACA,7065,100.00%,89.33%,9.77%,0.91%,10.67%
P11-1_801501.R2.clean_CTGTAGCC,20994,100.00%,93.26%,6.24%,0.50%,6.74%
P11-1_801501.R2.clean_ACAAGCTA,22558,100.00%,94.80%,4.88%,0.31%,5.20%
P11-1_801501.R2.clean_ACAGCAGA,43663,100.00%,97.34%,2.32%,0.33%,2.66%
P11-1_801501.R2.clean_AAACATCG,17663,100.00%,96.37%,3.32%,0.31%,3.63%
P11-1_801501.R2.clean_ATAGCGAC,2490204,100.00%,34.32%,60.15%,5.53%,65.68%
P11-1_801501.R2.clean_AGCCATGC,4368234,100.00%,34.00%,59.94%,6.06%,66.00%
P11-1_801501.R2.clean_ACACAGAA,23649,100.00%,96.26%,3.41%,0.33%,3.74%
P11-1_801501.R2.clean_GCCAAGAC,1130887,100.00%,39.06%,55.83%,5.11%,60.94%
P11-1_801501.R2.clean_CACTTCGA,34864,100.00%,96.76%,2.90%,0.34%,3.24%
P11-1_801501.R2.clean_AAGGTACA,23513,100.00%,94.26%,4.76%,0.98%,5.74%
P11-1_801501.R2.clean_CGCTGATC,185992,100.00%,90.26%,6.79%,2.96%,9.74%
P11-1_801501.R2.clean_GTCGTAGA,11857,100.00%,94.41%,4.91%,0.68%,5.59%
P11-1_801501.R2.clean_CGACTGGA,7845,100.00%,87.53%,11.37%,1.10%,12.47%
P11-1_801501.R2.clean_AGGCTAAC,3674397,100.00%,35.54%,58.87%,5.59%,64.46%
P11-1_801501.R2.clean_CCTAATCC,15744,100.00%,90.90%,7.48%,1.62%,9.10%
P11-1_801501.R2.clean_CAGCGTTA,4473,100.00%,84.89%,13.70%,1.41%,15.11%
P11-1_801501.R2.clean_AGCAGGAA,34308,100.00%,96.45%,3.24%,0.31%,3.55%
P11-1_801501.R2.clean_GTGTTCTA,8186,100.00%,88.26%,10.37%,1.37%,11.74%
