,reads;_of_these:,were_unpaired;_of_these:,aligned_0_times,aligned_exactly_1_time,aligned_>1_times,overall_alignment_rate
P11-1_801501.R2.clean_TGAAGAGA,229556,100.00%,39.93%,54.34%,5.73%,60.07%
P11-1_801501.R2.clean_AGAGTCAA,69294,100.00%,98.06%,1.79%,0.15%,1.94%
P11-1_801501.R2.clean_TCCGTCTA,508431,100.00%,97.95%,1.89%,0.17%,2.05%
P11-1_801501.R2.clean_CGGATTGC,8544,100.00%,90.10%,8.73%,1.17%,9.90%
P11-1_801501.R2.clean_GACTAGTA,28872,100.00%,92.41%,6.88%,0.70%,7.59%
P11-1_801501.R2.clean_GAATCTGA,9813,100.00%,90.51%,8.64%,0.85%,9.49%
P11-1_801501.R2.clean_CAAGGAGC,8495,100.00%,90.74%,8.31%,0.95%,9.26%
P11-1_801501.R2.clean_ATTGGCTC,16972,100.00%,88.29%,9.32%,2.40%,11.71%
P11-1_801501.R2.clean_GGTGCGAA,9054,100.00%,87.25%,11.57%,1.17%,12.75%
P11-1_801501.R2.clean_TCTTCACA,9166,100.00%,89.21%,9.52%,1.27%,10.79%
P11-1_801501.R2.clean_AATGTTGC,415550,100.00%,36.01%,58.78%,5.22%,63.99%
P11-1_801501.R2.clean_CATCAAGT,21149,100.00%,93.73%,5.69%,0.57%,6.27%
P11-1_801501.R2.clean_ACAGATTC,2377900,100.00%,35.90%,57.67%,6.43%,64.10%
P11-1_801501.R2.clean_CAGATCTG,21285,100.00%,94.66%,4.79%,0.54%,5.34%
P11-1_801501.R2.clean_GAGCTGAA,131461,100.00%,43.50%,52.38%,4.12%,56.50%
P11-1_801501.R2.clean_CTAAGGTC,17638,100.00%,93.34%,5.89%,0.77%,6.66%
P11-1_801501.R2.clean_ATCATTCC,778244,100.00%,38.26%,55.35%,6.39%,61.74%
P11-1_801501.R2.clean_CAATGGAA,419740,100.00%,39.51%,55.45%,5.04%,60.49%
P11-1_801501.R2.clean_CCTCCTGA,9281,100.00%,91.58%,7.60%,0.82%,8.42%
P11-1_801501.R2.clean_AAGACGGA,26226,100.00%,95.72%,3.81%,0.47%,4.28%
P11-1_801501.R2.clean_AAGGACAC,10680,100.00%,86.76%,11.83%,1.41%,13.24%
P11-1_801501.R2.clean_CGACACAC,40326,100.00%,56.89%,32.44%,10.66%,43.11%
P11-1_801501.R2.clean_ACTATGCA,41603,100.00%,96.78%,2.97%,0.25%,3.22%
P11-1_801501.R2.clean_AATCCGTC,287517,100.00%,39.05%,55.02%,5.93%,60.95%
P11-1_801501.R2.clean_CAAGACTA,7714,100.00%,79.84%,18.34%,1.81%,20.16%
P11-1_801501.R2.clean_ACACGACC,4206754,100.00%,35.01%,58.95%,6.03%,64.99%
P11-1_801501.R2.clean_GTACGCAA,220031,100.00%,38.36%,55.55%,6.10%,61.64%
P11-1_801501.R2.clean_AAGAGATC,8150,100.00%,89.67%,9.15%,1.18%,10.33%
P11-1_801501.R2.clean_GGAGAACA,12475,100.00%,87.38%,10.36%,2.26%,12.62%
P11-1_801501.R2.clean_AACGCTTA,57744,100.00%,97.25%,2.45%,0.30%,2.75%
P11-1_801501.R2.clean_CGAACTTA,565305,100.00%,38.36%,56.98%,4.66%,61.64%
