,reads;_of_these:,were_unpaired;_of_these:,aligned_0_times,aligned_exactly_1_time,aligned_>1_times,overall_alignment_rate
P12_L3_803503.R2.clean_AGCACCTC,253869,100.00%,39.60%,56.35%,4.06%,60.40%
P12_L3_803503.R2.clean_AGTGGTCA,523893,100.00%,38.48%,55.52%,6.01%,61.52%
P12_L3_803503.R2.clean_AACCGAGA,370534,100.00%,44.22%,52.31%,3.47%,55.78%
P12_L3_803503.R2.clean_GACAGTGC,320065,100.00%,39.49%,55.61%,4.90%,60.51%
P12_L3_803503.R2.clean_ACGCTCGA,377416,100.00%,38.39%,56.58%,5.03%,61.61%
P12_L3_803503.R2.clean_CCGAAGTA,80365,100.00%,60.76%,27.08%,12.16%,39.24%
P12_L3_803503.R2.clean_CCATCCTC,383446,100.00%,39.05%,56.39%,4.56%,60.95%
P12_L3_803503.R2.clean_CACCTTAC,282014,100.00%,39.62%,55.84%,4.54%,60.38%
P12_L3_803503.R2.clean_AGTACAAG,372971,100.00%,40.23%,54.38%,5.39%,59.77%
P12_L3_803503.R2.clean_GAACAGGC,342372,100.00%,39.48%,56.26%,4.26%,60.52%
P12_L3_803503.R2.clean_GCTCGGTA,612550,100.00%,39.99%,54.98%,5.03%,60.01%
P12_L3_803503.R2.clean_GCTAACGA,709232,100.00%,39.32%,55.59%,5.09%,60.68%
P12_L3_803503.R2.clean_ATCCTGTA,214226,100.00%,49.84%,46.12%,4.04%,50.16%
P12_L3_803503.R2.clean_CCGTGAGA,308084,100.00%,42.16%,52.75%,5.10%,57.84%
P12_L3_803503.R2.clean_CTGGCATA,569459,100.00%,43.81%,52.05%,4.14%,56.19%
P12_L3_803503.R2.clean_AACAACCA,1602712,100.00%,87.92%,11.22%,0.87%,12.08%
P12_L3_803503.R2.clean_TAGGATGA,455829,100.00%,39.19%,56.39%,4.42%,60.81%
P12_L3_803503.R2.clean_GAATCTGA,701215,100.00%,39.55%,55.75%,4.71%,60.45%
P12_L3_803503.R2.clean_ACCTCCAA,798423,100.00%,40.33%,54.55%,5.11%,59.67%
P12_L3_803503.R2.clean_ACCACTGT,358796,100.00%,42.34%,53.03%,4.63%,57.66%
P12_L3_803503.R2.clean_ATTGAGGA,328794,100.00%,43.61%,51.97%,4.42%,56.39%
P12_L3_803503.R2.clean_TTCACGCA,420754,100.00%,38.04%,57.17%,4.80%,61.96%
P12_L3_803503.R2.clean_AGATGTAC,1600556,100.00%,38.93%,52.95%,8.12%,61.07%
P12_L3_803503.R2.clean_ACGTATCA,223225,100.00%,51.51%,44.17%,4.33%,48.49%
P12_L3_803503.R2.clean_ATGCCTAA,361471,100.00%,42.79%,52.89%,4.32%,57.21%
P12_L3_803503.R2.clean_AACTCACC,296033,100.00%,39.25%,54.50%,6.25%,60.75%
P12_L3_803503.R2.clean_CTGAGCCA,406618,100.00%,42.45%,52.71%,4.84%,57.55%
P12_L3_803503.R2.clean_ACATTGGC,588196,100.00%,39.57%,56.17%,4.26%,60.43%
P12_L3_803503.R2.clean_CAACCACA,396378,100.00%,47.05%,48.75%,4.20%,52.95%
P12_L3_803503.R2.clean_CTGTAGCC,760176,100.00%,40.98%,52.85%,6.18%,59.02%
P12_L3_803503.R2.clean_TATCAGCA,455636,100.00%,39.52%,56.24%,4.24%,60.48%
P12_L3_803503.R2.clean_CCAGTTCA,1118476,100.00%,38.24%,55.97%,5.79%,61.76%
