,reads;_of_these:,were_unpaired;_of_these:,aligned_0_times,aligned_exactly_1_time,aligned_>1_times,overall_alignment_rate
P12_L3_803503.R2.clean_GGTGCGAA,523193,100.00%,38.80%,55.89%,5.31%,61.20%
P12_L3_803503.R2.clean_AATGTTGC,146552,100.00%,40.00%,53.83%,6.17%,60.00%
P12_L3_803503.R2.clean_CGGATTGC,217513,100.00%,38.74%,55.18%,6.08%,61.26%
P12_L3_803503.R2.clean_CGAACTTA,560509,100.00%,40.21%,55.33%,4.46%,59.79%
P12_L3_803503.R2.clean_TCCGTCTA,3311975,100.00%,65.85%,31.40%,2.76%,34.15%
P12_L3_803503.R2.clean_AGAGTCAA,341573,100.00%,46.87%,49.18%,3.94%,53.13%
P12_L3_803503.R2.clean_GACTAGTA,467913,100.00%,46.07%,49.91%,4.02%,53.93%
P12_L3_803503.R2.clean_AATCCGTC,65812,100.00%,39.77%,55.14%,5.08%,60.23%
P12_L3_803503.R2.clean_GGAGAACA,401219,100.00%,41.94%,47.03%,11.02%,58.06%
P12_L3_803503.R2.clean_ACACGACC,162519,100.00%,41.01%,54.30%,4.70%,58.99%
P12_L3_803503.R2.clean_CAATGGAA,505779,100.00%,42.64%,52.56%,4.80%,57.36%
P12_L3_803503.R2.clean_CCTCCTGA,1169464,100.00%,35.12%,58.58%,6.30%,64.88%
P12_L3_803503.R2.clean_ACAGATTC,554027,100.00%,38.88%,56.36%,4.76%,61.12%
P12_L3_803503.R2.clean_GTACGCAA,923287,100.00%,40.62%,52.85%,6.53%,59.38%
P12_L3_803503.R2.clean_AAGAGATC,223800,100.00%,38.26%,58.26%,3.48%,61.74%
P12_L3_803503.R2.clean_TCTTCACA,592776,100.00%,37.94%,57.07%,4.99%,62.06%
P12_L3_803503.R2.clean_CAGATCTG,591116,100.00%,38.56%,56.33%,5.11%,61.44%
P12_L3_803503.R2.clean_CAAGGAGC,374123,100.00%,37.32%,56.56%,6.12%,62.68%
P12_L3_803503.R2.clean_TGAAGAGA,1412868,100.00%,36.67%,57.21%,6.11%,63.33%
P12_L3_803503.R2.clean_AACGCTTA,342515,100.00%,40.79%,54.68%,4.53%,59.21%
P12_L3_803503.R2.clean_ATTGGCTC,431193,100.00%,38.45%,56.95%,4.61%,61.55%
P12_L3_803503.R2.clean_AAGACGGA,279272,100.00%,40.52%,54.65%,4.83%,59.48%
P12_L3_803503.R2.clean_ACTATGCA,450050,100.00%,51.11%,44.80%,4.09%,48.89%
P12_L3_803503.R2.clean_GAGCTGAA,728501,100.00%,41.53%,54.27%,4.20%,58.47%
P12_L3_803503.R2.clean_AAGGACAC,9252,100.00%,61.81%,26.17%,12.02%,38.19%
P12_L3_803503.R2.clean_CTAAGGTC,1007788,100.00%,39.04%,56.32%,4.64%,60.96%
P12_L3_803503.R2.clean_CAAGACTA,651655,100.00%,40.95%,54.41%,4.64%,59.05%
P12_L3_803503.R2.clean_ATCATTCC,258997,100.00%,40.19%,54.28%,5.54%,59.81%
P12_L3_803503.R2.clean_CGACACAC,154160,100.00%,40.87%,54.15%,4.98%,59.13%
P12_L3_803503.R2.clean_CATCAAGT,419498,100.00%,41.51%,54.33%,4.16%,58.49%
