,reads;_of_these:,were_unpaired;_of_these:,aligned_0_times,aligned_exactly_1_time,aligned_>1_times,overall_alignment_rate
P12_L3_803503.R2.clean_TGGAACAA,259095,100.00%,39.28%,55.55%,5.17%,60.72%
P12_L3_803503.R2.clean_CGCATACA,607773,100.00%,40.94%,54.51%,4.55%,59.06%
P12_L3_803503.R2.clean_AACGTGAT,52670,100.00%,43.05%,50.96%,5.99%,56.95%
P12_L3_803503.R2.clean_ACAAGCTA,493829,100.00%,40.68%,54.68%,4.64%,59.32%
P12_L3_803503.R2.clean_GATAGACA,622064,100.00%,40.78%,54.38%,4.85%,59.22%
P12_L3_803503.R2.clean_AGCAGGAA,825996,100.00%,42.87%,53.02%,4.11%,57.13%
P12_L3_803503.R2.clean_GTCGTAGA,924711,100.00%,42.03%,52.85%,5.12%,57.97%
P12_L3_803503.R2.clean_GCGAGTAA,1007860,100.00%,39.26%,54.87%,5.87%,60.74%
P12_L3_803503.R2.clean_GCCAAGAC,204453,100.00%,41.24%,52.91%,5.85%,58.76%
P12_L3_803503.R2.clean_TGGCTTCA,293786,100.00%,39.09%,56.82%,4.09%,60.91%
P12_L3_803503.R2.clean_CAGCGTTA,436525,100.00%,40.02%,55.22%,4.76%,59.98%
P12_L3_803503.R2.clean_ACACAGAA,985432,100.00%,40.56%,55.29%,4.16%,59.44%
P12_L3_803503.R2.clean_CGACTGGA,644316,100.00%,39.43%,55.69%,4.88%,60.57%
P12_L3_803503.R2.clean_CTCAATGA,540341,100.00%,41.34%,53.91%,4.75%,58.66%
P12_L3_803503.R2.clean_AAGGTACA,221461,100.00%,44.04%,50.70%,5.26%,55.96%
P12_L3_803503.R2.clean_GAGTTAGC,281520,100.00%,40.74%,54.08%,5.18%,59.26%
P12_L3_803503.R2.clean_CCGACAAC,320570,100.00%,38.73%,55.57%,5.70%,61.27%
P12_L3_803503.R2.clean_GCCACATA,756022,100.00%,41.26%,53.47%,5.27%,58.74%
P12_L3_803503.R2.clean_AGCCATGC,638400,100.00%,37.78%,56.78%,5.45%,62.22%
P12_L3_803503.R2.clean_ATAGCGAC,495541,100.00%,38.08%,56.83%,5.09%,61.92%
P12_L3_803503.R2.clean_GATGAATC,217846,100.00%,41.04%,54.79%,4.17%,58.96%
P12_L3_803503.R2.clean_ACAGCAGA,523681,100.00%,43.39%,52.48%,4.12%,56.61%
P12_L3_803503.R2.clean_CATACCAA,327401,100.00%,42.43%,53.01%,4.57%,57.57%
P12_L3_803503.R2.clean_CCTAATCC,217512,100.00%,44.38%,51.42%,4.19%,55.62%
P12_L3_803503.R2.clean_AGATCGCA,875457,100.00%,39.55%,55.28%,5.17%,60.45%
P12_L3_803503.R2.clean_TGGTGGTA,569522,100.00%,37.76%,57.23%,5.01%,62.24%
P12_L3_803503.R2.clean_AGGCTAAC,28293,100.00%,65.94%,20.95%,13.11%,34.06%
P12_L3_803503.R2.clean_CACTTCGA,247533,100.00%,53.20%,41.85%,4.96%,46.80%
P12_L3_803503.R2.clean_GTCTGTCA,495193,100.00%,40.64%,54.57%,4.79%,59.36%
P12_L3_803503.R2.clean_GTGTTCTA,407973,100.00%,42.14%,54.21%,3.65%,57.86%
P12_L3_803503.R2.clean_CGCTGATC,475725,100.00%,56.14%,38.81%,5.05%,43.86%
P12_L3_803503.R2.clean_CCTCTATC,229191,100.00%,44.79%,49.62%,5.58%,55.21%
P12_L3_803503.R2.clean_AAACATCG,190855,100.00%,39.55%,55.01%,5.44%,60.45%
P12_L3_803503.R2.clean_AGTCACTA,662427,100.00%,41.87%,54.21%,3.92%,58.13%
