,reads;_of_these:,were_unpaired;_of_these:,aligned_0_times,aligned_exactly_1_time,aligned_>1_times,overall_alignment_rate
P13_L3_804504.R2.clean_CAAGACTA,3385873,100.00%,33.90%,59.95%,6.15%,66.10%
P13_L3_804504.R2.clean_AAGAGATC,2436686,100.00%,31.23%,62.43%,6.34%,68.77%
P13_L3_804504.R2.clean_TGAAGAGA,2207022,100.00%,33.34%,60.45%,6.21%,66.66%
P13_L3_804504.R2.clean_GACTAGTA,2783239,100.00%,39.23%,53.91%,6.87%,60.77%
P13_L3_804504.R2.clean_CCTCCTGA,2967716,100.00%,32.66%,59.79%,7.54%,67.34%
P13_L3_804504.R2.clean_GTACGCAA,1823786,100.00%,44.51%,47.96%,7.53%,55.49%
P13_L3_804504.R2.clean_AATGTTGC,3744380,100.00%,31.25%,61.64%,7.11%,68.75%
P13_L3_804504.R2.clean_GAGCTGAA,2018872,100.00%,41.92%,52.18%,5.90%,58.08%
P13_L3_804504.R2.clean_ATTGGCTC,6440829,100.00%,30.37%,62.67%,6.95%,69.63%
P13_L3_804504.R2.clean_CAGATCTG,2633060,100.00%,29.95%,60.88%,9.17%,70.05%
P13_L3_804504.R2.clean_GAATCTGA,3200016,100.00%,35.27%,57.97%,6.75%,64.73%
P13_L3_804504.R2.clean_CGAACTTA,4273076,100.00%,29.72%,62.69%,7.58%,70.28%
P13_L3_804504.R2.clean_GGAGAACA,5424860,100.00%,31.10%,61.60%,7.29%,68.90%
P13_L3_804504.R2.clean_CGACACAC,1102323,100.00%,39.69%,51.03%,9.29%,60.31%
P13_L3_804504.R2.clean_AACGCTTA,3368489,100.00%,61.02%,36.19%,2.79%,38.98%
P13_L3_804504.R2.clean_CTAAGGTC,6985477,100.00%,30.66%,57.17%,12.17%,69.34%
P13_L3_804504.R2.clean_TCCGTCTA,23040418,100.00%,78.09%,19.68%,2.23%,21.91%
P13_L3_804504.R2.clean_AATCCGTC,380555,100.00%,63.66%,21.33%,15.01%,36.34%
P13_L3_804504.R2.clean_TCTTCACA,3838848,100.00%,31.38%,62.60%,6.02%,68.62%
P13_L3_804504.R2.clean_ACTATGCA,3154652,100.00%,48.63%,47.21%,4.16%,51.37%
P13_L3_804504.R2.clean_AGAGTCAA,6213708,100.00%,26.58%,61.75%,11.68%,73.42%
P13_L3_804504.R2.clean_ACACGACC,6556234,100.00%,38.47%,51.84%,9.69%,61.53%
P13_L3_804504.R2.clean_ACAGATTC,657494,100.00%,56.93%,27.12%,15.95%,43.07%
P13_L3_804504.R2.clean_AAGACGGA,3742818,100.00%,30.28%,62.65%,7.07%,69.72%
P13_L3_804504.R2.clean_CAATGGAA,2278840,100.00%,36.55%,57.41%,6.04%,63.45%
P13_L3_804504.R2.clean_CAAGGAGC,1081238,100.00%,34.37%,58.21%,7.41%,65.63%
P13_L3_804504.R2.clean_ATCATTCC,6295859,100.00%,31.70%,61.82%,6.48%,68.30%
P13_L3_804504.R2.clean_CCGTGAGA,1215805,100.00%,33.61%,59.30%,7.09%,66.39%
P13_L3_804504.R2.clean_AAGGACAC,3281761,100.00%,31.72%,63.34%,4.94%,68.28%
P13_L3_804504.R2.clean_CGGATTGC,3882958,100.00%,30.19%,61.95%,7.86%,69.81%
P13_L3_804504.R2.clean_CATCAAGT,1337708,100.00%,35.05%,56.90%,8.06%,64.95%
P13_L3_804504.R2.clean_GGTGCGAA,3939129,100.00%,34.55%,58.60%,6.86%,65.45%
