,reads;_of_these:,were_unpaired;_of_these:,aligned_0_times,aligned_exactly_1_time,aligned_>1_times,overall_alignment_rate
P13_L3_804504.R2.clean_GACAGTGC,7198589,100.00%,31.86%,59.22%,8.92%,68.14%
P13_L3_804504.R2.clean_ATTGAGGA,2074747,100.00%,35.80%,58.53%,5.67%,64.20%
P13_L3_804504.R2.clean_AACAACCA,12679815,100.00%,85.48%,13.41%,1.11%,14.52%
P13_L3_804504.R2.clean_CTGGCATA,3625275,100.00%,36.77%,57.74%,5.49%,63.23%
P13_L3_804504.R2.clean_AGATGTAC,6154413,100.00%,31.63%,63.37%,5.01%,68.37%
P13_L3_804504.R2.clean_CTGAGCCA,2586775,100.00%,32.41%,59.83%,7.76%,67.59%
P13_L3_804504.R2.clean_TAGGATGA,3226071,100.00%,30.42%,64.05%,5.53%,69.58%
P13_L3_804504.R2.clean_ACCACTGT,5304319,100.00%,78.61%,19.41%,1.98%,21.39%
P13_L3_804504.R2.clean_GCTAACGA,9792177,100.00%,66.43%,30.35%,3.22%,33.57%
P13_L3_804504.R2.clean_GAACAGGC,943164,100.00%,54.87%,36.55%,8.58%,45.13%
P13_L3_804504.R2.clean_CCAGTTCA,3508622,100.00%,31.87%,61.47%,6.67%,68.13%
P13_L3_804504.R2.clean_AGTCACTA,2513232,100.00%,34.11%,59.28%,6.61%,65.89%
P13_L3_804504.R2.clean_AACCGAGA,4126985,100.00%,34.38%,60.47%,5.15%,65.62%
P13_L3_804504.R2.clean_AACTCACC,3341020,100.00%,35.02%,58.79%,6.19%,64.98%
P13_L3_804504.R2.clean_ATGCCTAA,2615432,100.00%,49.88%,44.85%,5.27%,50.12%
P13_L3_804504.R2.clean_CACCTTAC,4417161,100.00%,32.30%,60.59%,7.11%,67.70%
P13_L3_804504.R2.clean_AGTGGTCA,7904881,100.00%,27.85%,62.06%,10.09%,72.15%
P13_L3_804504.R2.clean_ACCTCCAA,3830322,100.00%,41.80%,53.01%,5.19%,58.20%
P13_L3_804504.R2.clean_ACATTGGC,1673287,100.00%,40.52%,55.31%,4.16%,59.48%
P13_L3_804504.R2.clean_AGTACAAG,2787572,100.00%,34.41%,59.09%,6.51%,65.59%
P13_L3_804504.R2.clean_AGCACCTC,936102,100.00%,41.24%,51.75%,7.01%,58.76%
P13_L3_804504.R2.clean_ACAGCAGA,1661900,100.00%,34.10%,60.07%,5.84%,65.90%
P13_L3_804504.R2.clean_TATCAGCA,2459895,100.00%,32.11%,61.46%,6.43%,67.89%
P13_L3_804504.R2.clean_CCATCCTC,3630531,100.00%,34.25%,59.66%,6.09%,65.75%
P13_L3_804504.R2.clean_TTCACGCA,6141554,100.00%,35.98%,56.64%,7.37%,64.02%
P13_L3_804504.R2.clean_ACGTATCA,2792838,100.00%,34.37%,59.96%,5.66%,65.63%
P13_L3_804504.R2.clean_ACGCTCGA,1742125,100.00%,31.81%,59.44%,8.76%,68.19%
P13_L3_804504.R2.clean_ATCCTGTA,3544327,100.00%,39.09%,53.11%,7.80%,60.91%
P13_L3_804504.R2.clean_GCTCGGTA,3299845,100.00%,35.19%,57.99%,6.82%,64.81%
P13_L3_804504.R2.clean_CTGTAGCC,5208585,100.00%,36.29%,58.42%,5.29%,63.71%
P13_L3_804504.R2.clean_CAACCACA,4539161,100.00%,36.64%,56.36%,7.00%,63.36%
P13_L3_804504.R2.clean_CCGAAGTA,2932814,100.00%,34.22%,58.70%,7.09%,65.78%
