,reads;_of_these:,were_unpaired;_of_these:,aligned_0_times,aligned_exactly_1_time,aligned_>1_times,overall_alignment_rate
P13_L3_804504.R2.clean_AGGCTAAC,5451957,100.00%,31.28%,62.51%,6.21%,68.72%
P13_L3_804504.R2.clean_GAGTTAGC,3310948,100.00%,32.54%,61.10%,6.36%,67.46%
P13_L3_804504.R2.clean_CCTCTATC,3593355,100.00%,35.90%,58.11%,5.99%,64.10%
P13_L3_804504.R2.clean_GATAGACA,2682379,100.00%,32.22%,62.26%,5.53%,67.78%
P13_L3_804504.R2.clean_GCGAGTAA,2388560,100.00%,35.49%,57.90%,6.61%,64.51%
P13_L3_804504.R2.clean_CGCATACA,6063919,100.00%,35.60%,57.95%,6.46%,64.40%
P13_L3_804504.R2.clean_ACAAGCTA,152037,100.00%,81.14%,17.34%,1.52%,18.86%
P13_L3_804504.R2.clean_CGCTGATC,8856426,100.00%,65.14%,31.00%,3.86%,34.86%
P13_L3_804504.R2.clean_AGCCATGC,1815237,100.00%,48.04%,45.00%,6.96%,51.96%
P13_L3_804504.R2.clean_CCTAATCC,6212563,100.00%,36.81%,57.91%,5.29%,63.19%
P13_L3_804504.R2.clean_GTGTTCTA,936428,100.00%,38.97%,54.96%,6.08%,61.03%
P13_L3_804504.R2.clean_AAACATCG,3122581,100.00%,36.83%,56.80%,6.38%,63.17%
P13_L3_804504.R2.clean_ATAGCGAC,7405091,100.00%,28.75%,64.21%,7.05%,71.25%
P13_L3_804504.R2.clean_TGGCTTCA,7922694,100.00%,29.28%,64.93%,5.80%,70.72%
P13_L3_804504.R2.clean_AGATCGCA,1684973,100.00%,34.30%,57.87%,7.84%,65.70%
P13_L3_804504.R2.clean_GATGAATC,2988990,100.00%,35.04%,61.02%,3.94%,64.96%
P13_L3_804504.R2.clean_CTCAATGA,6359098,100.00%,50.14%,45.16%,4.70%,49.86%
P13_L3_804504.R2.clean_GTCTGTCA,2797421,100.00%,29.95%,62.58%,7.47%,70.05%
P13_L3_804504.R2.clean_ACACAGAA,936147,100.00%,33.43%,63.76%,2.81%,66.57%
P13_L3_804504.R2.clean_AGCAGGAA,519943,100.00%,70.61%,17.74%,11.65%,29.39%
P13_L3_804504.R2.clean_CGACTGGA,1049735,100.00%,39.52%,50.48%,10.00%,60.48%
P13_L3_804504.R2.clean_CAGCGTTA,2374006,100.00%,32.07%,61.02%,6.91%,67.93%
P13_L3_804504.R2.clean_CACTTCGA,2367724,100.00%,60.14%,35.60%,4.26%,39.86%
P13_L3_804504.R2.clean_CCGACAAC,5878454,100.00%,29.71%,64.06%,6.23%,70.29%
P13_L3_804504.R2.clean_TGGAACAA,4737794,100.00%,34.25%,59.57%,6.18%,65.75%
P13_L3_804504.R2.clean_TGGTGGTA,4353020,100.00%,30.12%,63.96%,5.92%,69.88%
P13_L3_804504.R2.clean_AAGGTACA,774411,100.00%,32.33%,64.94%,2.73%,67.67%
P13_L3_804504.R2.clean_AACGTGAT,15018296,100.00%,28.80%,64.91%,6.28%,71.20%
P13_L3_804504.R2.clean_GCCAAGAC,4361187,100.00%,32.85%,61.46%,5.69%,67.15%
P13_L3_804504.R2.clean_GTCGTAGA,3642563,100.00%,34.67%,58.87%,6.46%,65.33%
P13_L3_804504.R2.clean_CATACCAA,1348296,100.00%,35.07%,60.07%,4.86%,64.93%
P13_L3_804504.R2.clean_GCCACATA,1411568,100.00%,84.00%,14.23%,1.77%,16.00%
