,reads;_of_these:,were_unpaired;_of_these:,aligned_0_times,aligned_exactly_1_time,aligned_>1_times,overall_alignment_rate
P14_L3_805505.R2.clean_AACGTGAT,517666,100.00%,36.46%,57.81%,5.74%,63.54%
P14_L3_805505.R2.clean_CCATCCTC,170171,100.00%,46.85%,48.12%,5.02%,53.15%
P14_L3_805505.R2.clean_TGGTGGTA,709855,100.00%,34.08%,60.32%,5.60%,65.92%
P14_L3_805505.R2.clean_TAGGATGA,1641282,100.00%,33.21%,60.62%,6.17%,66.79%
P14_L3_805505.R2.clean_CTGAGCCA,428393,100.00%,35.89%,57.32%,6.79%,64.11%
P14_L3_805505.R2.clean_ACCTCCAA,1212918,100.00%,36.77%,58.32%,4.91%,63.23%
P14_L3_805505.R2.clean_GATAGACA,566273,100.00%,40.23%,54.65%,5.12%,59.77%
P14_L3_805505.R2.clean_AGCACCTC,388434,100.00%,38.46%,56.12%,5.42%,61.54%
P14_L3_805505.R2.clean_CAGCGTTA,76941,100.00%,54.56%,21.68%,23.76%,45.44%
P14_L3_805505.R2.clean_ATCCTGTA,82335,100.00%,65.31%,27.53%,7.16%,34.69%
P14_L3_805505.R2.clean_CGACTGGA,296187,100.00%,42.64%,51.27%,6.09%,57.36%
P14_L3_805505.R2.clean_AGTACAAG,217562,100.00%,41.20%,52.11%,6.70%,58.80%
P14_L3_805505.R2.clean_CTCAATGA,717349,100.00%,39.01%,56.48%,4.51%,60.99%
P14_L3_805505.R2.clean_AAGGTACA,277526,100.00%,40.14%,52.38%,7.48%,59.86%
P14_L3_805505.R2.clean_AGTCACTA,514086,100.00%,38.76%,55.20%,6.04%,61.24%
P14_L3_805505.R2.clean_CGCATACA,544473,100.00%,38.71%,56.01%,5.28%,61.29%
P14_L3_805505.R2.clean_GCCAAGAC,488518,100.00%,40.11%,55.02%,4.88%,59.89%
P14_L3_805505.R2.clean_CACTTCGA,585460,100.00%,41.08%,53.84%,5.08%,58.92%
P14_L3_805505.R2.clean_AGCCATGC,531523,100.00%,37.60%,57.27%,5.13%,62.40%
P14_L3_805505.R2.clean_AGGCTAAC,859680,100.00%,37.15%,57.78%,5.07%,62.85%
P14_L3_805505.R2.clean_CCTAATCC,1313866,100.00%,41.62%,53.82%,4.56%,58.38%
P14_L3_805505.R2.clean_ATAGCGAC,483405,100.00%,36.85%,58.87%,4.28%,63.15%
P14_L3_805505.R2.clean_GAGTTAGC,828262,100.00%,37.24%,57.32%,5.44%,62.76%
P14_L3_805505.R2.clean_CCTCTATC,660880,100.00%,41.52%,53.42%,5.06%,58.48%
P14_L3_805505.R2.clean_GATGAATC,61544,100.00%,72.40%,19.45%,8.16%,27.60%
P14_L3_805505.R2.clean_GTCTGTCA,1223406,100.00%,35.22%,59.77%,5.01%,64.78%
P14_L3_805505.R2.clean_GCCACATA,259882,100.00%,44.01%,50.26%,5.73%,55.99%
P14_L3_805505.R2.clean_TTCACGCA,478900,100.00%,38.07%,56.98%,4.95%,61.93%
P14_L3_805505.R2.clean_AAACATCG,746304,100.00%,38.15%,57.55%,4.30%,61.85%
P14_L3_805505.R2.clean_CGCTGATC,559705,100.00%,60.90%,34.68%,4.41%,39.10%
P14_L3_805505.R2.clean_GACAGTGC,85670,100.00%,55.21%,25.54%,19.25%,44.79%
P14_L3_805505.R2.clean_GCGAGTAA,622375,100.00%,37.13%,57.99%,4.88%,62.87%
P14_L3_805505.R2.clean_ACACAGAA,444155,100.00%,41.17%,54.03%,4.80%,58.83%
P14_L3_805505.R2.clean_GCTAACGA,505931,100.00%,38.87%,55.31%,5.81%,61.13%
P14_L3_805505.R2.clean_AGTGGTCA,584732,100.00%,35.98%,59.01%,5.00%,64.02%
P14_L3_805505.R2.clean_AGATCGCA,462575,100.00%,36.72%,57.89%,5.39%,63.28%
P14_L3_805505.R2.clean_CATACCAA,481547,100.00%,37.95%,57.18%,4.87%,62.05%
P14_L3_805505.R2.clean_GTCGTAGA,972549,100.00%,39.37%,55.22%,5.41%,60.63%
P14_L3_805505.R2.clean_CCGACAAC,973693,100.00%,35.53%,59.58%,4.89%,64.47%
P14_L3_805505.R2.clean_TGGCTTCA,190585,100.00%,42.58%,50.19%,7.23%,57.42%
P14_L3_805505.R2.clean_CTGTAGCC,364142,100.00%,43.74%,49.79%,6.46%,56.26%
P14_L3_805505.R2.clean_GTGTTCTA,150298,100.00%,45.04%,48.93%,6.03%,54.96%
P14_L3_805505.R2.clean_ACAAGCTA,1056594,100.00%,37.01%,57.59%,5.40%,62.99%
P14_L3_805505.R2.clean_ATGCCTAA,362137,100.00%,43.94%,51.66%,4.40%,56.06%
P14_L3_805505.R2.clean_CCAGTTCA,466455,100.00%,37.24%,57.94%,4.82%,62.76%
P14_L3_805505.R2.clean_ACAGCAGA,439853,100.00%,40.88%,53.61%,5.52%,59.12%
P14_L3_805505.R2.clean_AGCAGGAA,867639,100.00%,37.08%,56.44%,6.48%,62.92%
P14_L3_805505.R2.clean_TGGAACAA,474642,100.00%,39.44%,55.74%,4.82%,60.56%
