,reads;_of_these:,were_unpaired;_of_these:,aligned_0_times,aligned_exactly_1_time,aligned_>1_times,overall_alignment_rate
P14_L3_805505.R2.clean_GAACAGGC,2282648,100.00%,35.32%,57.32%,7.36%,64.68%
P14_L3_805505.R2.clean_CAATGGAA,654552,100.00%,38.83%,55.50%,5.67%,61.17%
P14_L3_805505.R2.clean_CAAGACTA,1599869,100.00%,37.16%,56.53%,6.31%,62.84%
P14_L3_805505.R2.clean_AACAACCA,2078021,100.00%,74.96%,22.66%,2.38%,25.04%
P14_L3_805505.R2.clean_ACCACTGT,836338,100.00%,37.43%,57.23%,5.34%,62.57%
P14_L3_805505.R2.clean_TCTTCACA,1191830,100.00%,34.06%,59.74%,6.20%,65.94%
P14_L3_805505.R2.clean_ACAGATTC,1361020,100.00%,35.45%,57.95%,6.59%,64.55%
P14_L3_805505.R2.clean_CACCTTAC,296763,100.00%,44.46%,45.97%,9.57%,55.54%
P14_L3_805505.R2.clean_GCTCGGTA,793189,100.00%,37.12%,57.14%,5.74%,62.88%
P14_L3_805505.R2.clean_CGGATTGC,138474,100.00%,45.37%,48.73%,5.91%,54.63%
P14_L3_805505.R2.clean_CGAACTTA,937020,100.00%,37.31%,57.85%,4.84%,62.69%
P14_L3_805505.R2.clean_AACGCTTA,89315,100.00%,65.28%,21.85%,12.87%,34.72%
P14_L3_805505.R2.clean_ACACGACC,1400421,100.00%,36.23%,56.67%,7.10%,63.77%
P14_L3_805505.R2.clean_GAGCTGAA,919675,100.00%,38.21%,56.48%,5.31%,61.79%
P14_L3_805505.R2.clean_CTAAGGTC,2550488,100.00%,36.12%,57.59%,6.29%,63.88%
P14_L3_805505.R2.clean_AACTCACC,295253,100.00%,41.04%,52.43%,6.53%,58.96%
P14_L3_805505.R2.clean_CCGTGAGA,466325,100.00%,41.18%,52.14%,6.68%,58.82%
P14_L3_805505.R2.clean_AAGAGATC,1288205,100.00%,34.01%,59.29%,6.69%,65.99%
P14_L3_805505.R2.clean_AAGGACAC,841835,100.00%,36.03%,57.84%,6.13%,63.97%
P14_L3_805505.R2.clean_ATCATTCC,123063,100.00%,49.90%,45.92%,4.18%,50.10%
P14_L3_805505.R2.clean_ACATTGGC,927865,100.00%,35.38%,57.68%,6.94%,64.62%
P14_L3_805505.R2.clean_ATTGAGGA,1681250,100.00%,35.13%,58.57%,6.30%,64.87%
P14_L3_805505.R2.clean_AACCGAGA,1402546,100.00%,37.52%,57.52%,4.96%,62.48%
P14_L3_805505.R2.clean_AGAGTCAA,743234,100.00%,36.94%,56.59%,6.47%,63.06%
P14_L3_805505.R2.clean_GAATCTGA,996548,100.00%,35.41%,57.83%,6.76%,64.59%
P14_L3_805505.R2.clean_AAGACGGA,1011796,100.00%,33.49%,58.02%,8.49%,66.51%
P14_L3_805505.R2.clean_GGTGCGAA,855786,100.00%,35.07%,58.57%,6.36%,64.93%
P14_L3_805505.R2.clean_GACTAGTA,532958,100.00%,44.16%,50.74%,5.09%,55.84%
P14_L3_805505.R2.clean_GGAGAACA,1621111,100.00%,35.59%,58.10%,6.31%,64.41%
P14_L3_805505.R2.clean_CCTCCTGA,1658905,100.00%,33.55%,61.31%,5.14%,66.45%
P14_L3_805505.R2.clean_ACGCTCGA,1158757,100.00%,34.26%,58.93%,6.82%,65.74%
P14_L3_805505.R2.clean_CCGAAGTA,604349,100.00%,39.18%,55.34%,5.47%,60.82%
P14_L3_805505.R2.clean_ATTGGCTC,2870871,100.00%,34.08%,61.90%,4.02%,65.92%
P14_L3_805505.R2.clean_CAAGGAGC,4101842,100.00%,33.74%,59.98%,6.28%,66.26%
P14_L3_805505.R2.clean_CTGGCATA,1416603,100.00%,35.82%,57.73%,6.45%,64.18%
P14_L3_805505.R2.clean_AATCCGTC,878438,100.00%,35.59%,57.06%,7.35%,64.41%
P14_L3_805505.R2.clean_CATCAAGT,1164583,100.00%,37.08%,56.55%,6.36%,62.92%
P14_L3_805505.R2.clean_GTACGCAA,930125,100.00%,38.16%,57.79%,4.05%,61.84%
P14_L3_805505.R2.clean_AATGTTGC,619225,100.00%,35.42%,56.02%,8.56%,64.58%
P14_L3_805505.R2.clean_TGAAGAGA,878542,100.00%,34.94%,58.36%,6.70%,65.06%
P14_L3_805505.R2.clean_ACGTATCA,1468251,100.00%,36.70%,57.84%,5.46%,63.30%
P14_L3_805505.R2.clean_CGACACAC,882566,100.00%,37.35%,56.20%,6.46%,62.65%
P14_L3_805505.R2.clean_TATCAGCA,2379002,100.00%,33.37%,59.89%,6.74%,66.63%
P14_L3_805505.R2.clean_TCCGTCTA,1759368,100.00%,63.94%,32.50%,3.56%,36.06%
P14_L3_805505.R2.clean_AGATGTAC,1236410,100.00%,35.57%,57.92%,6.50%,64.43%
P14_L3_805505.R2.clean_ACTATGCA,1046551,100.00%,39.26%,54.88%,5.86%,60.74%
P14_L3_805505.R2.clean_CAGATCTG,1160157,100.00%,35.09%,58.06%,6.86%,64.91%
P14_L3_805505.R2.clean_CAACCACA,624826,100.00%,41.60%,51.81%,6.58%,58.40%
