,reads;_of_these:,were_unpaired;_of_these:,aligned_0_times,aligned_exactly_1_time,aligned_>1_times,overall_alignment_rate
P15_L3_806506.R2.clean_ATAGCGAC,714316,100.00%,40.13%,48.03%,11.84%,59.87%
P15_L3_806506.R2.clean_TGGCTTCA,1313905,100.00%,41.75%,53.54%,4.70%,58.25%
P15_L3_806506.R2.clean_ATGCCTAA,1149112,100.00%,65.13%,32.03%,2.84%,34.87%
P15_L3_806506.R2.clean_TGGAACAA,251468,100.00%,58.12%,36.88%,5.00%,41.88%
P15_L3_806506.R2.clean_TGGTGGTA,113363,100.00%,70.20%,24.68%,5.13%,29.80%
P15_L3_806506.R2.clean_GACAGTGC,799140,100.00%,42.72%,51.33%,5.95%,57.28%
P15_L3_806506.R2.clean_CCGACAAC,1045274,100.00%,41.66%,54.29%,4.05%,58.34%
P15_L3_806506.R2.clean_CTGTAGCC,849393,100.00%,49.14%,44.96%,5.90%,50.86%
P15_L3_806506.R2.clean_CCTAATCC,780285,100.00%,55.20%,41.59%,3.21%,44.80%
P15_L3_806506.R2.clean_GCGAGTAA,1502008,100.00%,40.24%,56.00%,3.76%,59.76%
P15_L3_806506.R2.clean_ACAAGCTA,277882,100.00%,74.36%,23.62%,2.02%,25.64%
P15_L3_806506.R2.clean_CTCAATGA,617320,100.00%,63.59%,32.72%,3.68%,36.41%
P15_L3_806506.R2.clean_CCTCTATC,203794,100.00%,54.57%,36.57%,8.86%,45.43%
P15_L3_806506.R2.clean_AGCACCTC,417939,100.00%,48.67%,47.28%,4.05%,51.33%
P15_L3_806506.R2.clean_AGATCGCA,519872,100.00%,50.79%,45.20%,4.00%,49.21%
P15_L3_806506.R2.clean_CAGCGTTA,1524013,100.00%,43.24%,51.97%,4.79%,56.76%
P15_L3_806506.R2.clean_GATAGACA,1998093,100.00%,43.53%,52.56%,3.92%,56.47%
P15_L3_806506.R2.clean_AGTGGTCA,593477,100.00%,50.34%,47.11%,2.55%,49.66%
P15_L3_806506.R2.clean_ATCCTGTA,536012,100.00%,58.17%,39.00%,2.82%,41.83%
P15_L3_806506.R2.clean_CGCATACA,1530045,100.00%,50.26%,46.14%,3.59%,49.74%
P15_L3_806506.R2.clean_CGCTGATC,817157,100.00%,63.34%,30.74%,5.92%,36.66%
P15_L3_806506.R2.clean_GCTAACGA,2004069,100.00%,63.10%,33.94%,2.96%,36.90%
P15_L3_806506.R2.clean_GCCACATA,588664,100.00%,75.29%,22.08%,2.63%,24.71%
P15_L3_806506.R2.clean_ACAGCAGA,413892,100.00%,50.41%,45.45%,4.14%,49.59%
P15_L3_806506.R2.clean_AGTCACTA,1025446,100.00%,45.21%,50.70%,4.10%,54.79%
P15_L3_806506.R2.clean_GTCGTAGA,1820655,100.00%,42.67%,49.53%,7.80%,57.33%
P15_L3_806506.R2.clean_TTCACGCA,912454,100.00%,46.34%,47.37%,6.29%,53.66%
P15_L3_806506.R2.clean_AGGCTAAC,628354,100.00%,46.25%,49.41%,4.34%,53.75%
P15_L3_806506.R2.clean_CTGAGCCA,1191866,100.00%,41.84%,52.63%,5.52%,58.16%
P15_L3_806506.R2.clean_AGTACAAG,1256666,100.00%,43.37%,50.76%,5.86%,56.63%
P15_L3_806506.R2.clean_GTGTTCTA,1127732,100.00%,45.80%,49.10%,5.09%,54.20%
P15_L3_806506.R2.clean_ACCTCCAA,559183,100.00%,74.25%,23.78%,1.97%,25.75%
P15_L3_806506.R2.clean_AGCAGGAA,2057615,100.00%,41.90%,53.07%,5.02%,58.10%
P15_L3_806506.R2.clean_GAGTTAGC,899994,100.00%,40.48%,48.59%,10.94%,59.52%
P15_L3_806506.R2.clean_CGACTGGA,987913,100.00%,52.56%,43.56%,3.88%,47.44%
P15_L3_806506.R2.clean_CCATCCTC,743354,100.00%,43.32%,51.35%,5.33%,56.68%
P15_L3_806506.R2.clean_AAACATCG,863833,100.00%,52.56%,44.25%,3.19%,47.44%
P15_L3_806506.R2.clean_TAGGATGA,1115832,100.00%,42.49%,52.16%,5.35%,57.51%
P15_L3_806506.R2.clean_AGCCATGC,1343254,100.00%,41.21%,49.82%,8.98%,58.79%
P15_L3_806506.R2.clean_CATACCAA,287025,100.00%,78.59%,18.80%,2.61%,21.41%
P15_L3_806506.R2.clean_CACTTCGA,1786460,100.00%,71.15%,27.33%,1.51%,28.85%
P15_L3_806506.R2.clean_GCCAAGAC,488405,100.00%,44.38%,50.55%,5.07%,55.62%
P15_L3_806506.R2.clean_ACACAGAA,1171156,100.00%,65.86%,31.15%,2.99%,34.14%
P15_L3_806506.R2.clean_GATGAATC,917269,100.00%,41.65%,53.18%,5.17%,58.35%
P15_L3_806506.R2.clean_GTCTGTCA,1571788,100.00%,41.97%,53.10%,4.93%,58.03%
P15_L3_806506.R2.clean_AACGTGAT,393689,100.00%,57.43%,37.57%,4.99%,42.57%
P15_L3_806506.R2.clean_AAGGTACA,1191671,100.00%,43.32%,52.07%,4.60%,56.68%
P15_L3_806506.R2.clean_CCAGTTCA,707508,100.00%,50.51%,46.23%,3.25%,49.49%
