,reads;_of_these:,were_unpaired;_of_these:,aligned_0_times,aligned_exactly_1_time,aligned_>1_times,overall_alignment_rate
P15_L3_806506.R2.clean_ACATTGGC,219625,100.00%,97.11%,2.38%,0.50%,2.89%
P15_L3_806506.R2.clean_CCGAAGTA,171214,100.00%,98.13%,1.66%,0.20%,1.87%
P15_L3_806506.R2.clean_GAGCTGAA,170623,100.00%,98.10%,1.71%,0.19%,1.90%
P15_L3_806506.R2.clean_GAATCTGA,1710071,100.00%,42.33%,53.37%,4.30%,57.67%
P15_L3_806506.R2.clean_TATCAGCA,779613,100.00%,41.34%,53.16%,5.50%,58.66%
P15_L3_806506.R2.clean_ACACGACC,387860,100.00%,52.48%,44.45%,3.08%,47.52%
P15_L3_806506.R2.clean_GAACAGGC,277735,100.00%,56.24%,37.47%,6.29%,43.76%
P15_L3_806506.R2.clean_CAATGGAA,357600,100.00%,98.71%,1.18%,0.11%,1.29%
P15_L3_806506.R2.clean_AATCCGTC,62602,100.00%,96.74%,2.81%,0.45%,3.26%
P15_L3_806506.R2.clean_GACTAGTA,469400,100.00%,75.44%,20.32%,4.24%,24.56%
P15_L3_806506.R2.clean_CTAAGGTC,60053,100.00%,96.15%,3.40%,0.45%,3.85%
P15_L3_806506.R2.clean_CATCAAGT,2056734,100.00%,48.04%,47.90%,4.06%,51.96%
P15_L3_806506.R2.clean_AACAACCA,3884046,100.00%,94.81%,3.91%,1.28%,5.19%
P15_L3_806506.R2.clean_GTACGCAA,134198,100.00%,98.10%,1.66%,0.25%,1.90%
P15_L3_806506.R2.clean_AAGACGGA,152020,100.00%,97.84%,1.89%,0.27%,2.16%
P15_L3_806506.R2.clean_CCGTGAGA,115116,100.00%,95.77%,3.58%,0.65%,4.23%
P15_L3_806506.R2.clean_GGAGAACA,155049,100.00%,91.74%,5.77%,2.49%,8.26%
P15_L3_806506.R2.clean_ACGCTCGA,101168,100.00%,64.01%,33.80%,2.19%,35.99%
P15_L3_806506.R2.clean_ACAGATTC,337189,100.00%,55.80%,40.07%,4.13%,44.20%
P15_L3_806506.R2.clean_AGAGTCAA,678023,100.00%,98.52%,1.30%,0.18%,1.48%
P15_L3_806506.R2.clean_AACGCTTA,4087646,100.00%,99.03%,0.89%,0.08%,0.97%
P15_L3_806506.R2.clean_CAAGGAGC,37853,100.00%,95.73%,3.76%,0.50%,4.27%
P15_L3_806506.R2.clean_AATGTTGC,452394,100.00%,52.06%,45.31%,2.63%,47.94%
P15_L3_806506.R2.clean_CCTCCTGA,152352,100.00%,97.74%,2.07%,0.19%,2.26%
P15_L3_806506.R2.clean_AACCGAGA,265329,100.00%,98.36%,1.44%,0.20%,1.64%
P15_L3_806506.R2.clean_AAGGACAC,38121,100.00%,95.83%,3.60%,0.56%,4.17%
P15_L3_806506.R2.clean_ACGTATCA,200966,100.00%,64.89%,33.23%,1.88%,35.11%
P15_L3_806506.R2.clean_CGACACAC,188817,100.00%,55.53%,32.86%,11.61%,44.47%
P15_L3_806506.R2.clean_AGATGTAC,71852,100.00%,95.82%,3.67%,0.51%,4.18%
P15_L3_806506.R2.clean_GCTCGGTA,25484,100.00%,93.36%,5.96%,0.67%,6.64%
P15_L3_806506.R2.clean_AACTCACC,1277703,100.00%,42.99%,52.32%,4.69%,57.01%
P15_L3_806506.R2.clean_ATTGGCTC,75943,100.00%,93.14%,5.26%,1.61%,6.86%
P15_L3_806506.R2.clean_CGAACTTA,2798448,100.00%,43.82%,51.96%,4.23%,56.18%
P15_L3_806506.R2.clean_TGAAGAGA,96170,100.00%,96.35%,3.04%,0.62%,3.65%
P15_L3_806506.R2.clean_TCTTCACA,116568,100.00%,95.93%,3.44%,0.63%,4.07%
P15_L3_806506.R2.clean_ACTATGCA,348142,100.00%,80.60%,18.61%,0.79%,19.40%
P15_L3_806506.R2.clean_CACCTTAC,2640485,100.00%,40.39%,55.44%,4.17%,59.61%
P15_L3_806506.R2.clean_CTGGCATA,126413,100.00%,97.58%,2.23%,0.19%,2.42%
P15_L3_806506.R2.clean_TCCGTCTA,948237,100.00%,98.46%,1.39%,0.15%,1.54%
P15_L3_806506.R2.clean_GGTGCGAA,1526588,100.00%,42.60%,52.74%,4.66%,57.40%
P15_L3_806506.R2.clean_CAAGACTA,49141,100.00%,93.88%,5.40%,0.72%,6.12%
P15_L3_806506.R2.clean_ACCACTGT,1310375,100.00%,99.05%,0.85%,0.10%,0.95%
P15_L3_806506.R2.clean_ATCATTCC,1216662,100.00%,43.37%,48.61%,8.02%,56.63%
P15_L3_806506.R2.clean_CGGATTGC,28856,100.00%,92.57%,5.34%,2.09%,7.43%
P15_L3_806506.R2.clean_CAACCACA,221180,100.00%,98.27%,1.57%,0.16%,1.73%
P15_L3_806506.R2.clean_CAGATCTG,287633,100.00%,98.08%,1.70%,0.22%,1.92%
P15_L3_806506.R2.clean_AAGAGATC,893646,100.00%,41.21%,53.87%,4.92%,58.79%
P15_L3_806506.R2.clean_ATTGAGGA,596414,100.00%,53.37%,43.51%,3.13%,46.63%
