,reads;_of_these:,were_unpaired;_of_these:,aligned_0_times,aligned_exactly_1_time,aligned_>1_times,overall_alignment_rate
P2-N_L3_808508.R2.clean_AACGTGAT,2936682,100.00%,45.09%,50.60%,4.32%,54.91%
P2-N_L3_808508.R2.clean_TGGCTTCA,1018434,100.00%,51.13%,44.81%,4.06%,48.87%
P2-N_L3_808508.R2.clean_GATAGACA,516115,100.00%,57.81%,39.18%,3.01%,42.19%
P2-N_L3_808508.R2.clean_CGCATACA,938258,100.00%,47.66%,48.36%,3.98%,52.34%
P2-N_L3_808508.R2.clean_CGACTGGA,626406,100.00%,47.86%,47.43%,4.71%,52.14%
P2-N_L3_808508.R2.clean_GTCTGTCA,615436,100.00%,50.07%,46.19%,3.75%,49.93%
P2-N_L3_808508.R2.clean_ATAGCGAC,544737,100.00%,48.85%,46.84%,4.31%,51.15%
P2-N_L3_808508.R2.clean_GTGTTCTA,103558,100.00%,81.84%,13.75%,4.41%,18.16%
P2-N_L3_808508.R2.clean_CCGACAAC,1178909,100.00%,44.72%,49.74%,5.54%,55.28%
P2-N_L3_808508.R2.clean_ACACAGAA,1220385,100.00%,49.19%,47.51%,3.30%,50.81%
P2-N_L3_808508.R2.clean_GAGTTAGC,4157854,100.00%,43.85%,50.43%,5.72%,56.15%
P2-N_L3_808508.R2.clean_CACTTCGA,1109605,100.00%,48.46%,47.04%,4.50%,51.54%
P2-N_L3_808508.R2.clean_GCCACATA,848396,100.00%,57.59%,38.59%,3.82%,42.41%
P2-N_L3_808508.R2.clean_CAGCGTTA,104229,100.00%,79.62%,15.23%,5.16%,20.38%
P2-N_L3_808508.R2.clean_CGCTGATC,1043114,100.00%,66.24%,30.66%,3.10%,33.76%
P2-N_L3_808508.R2.clean_CCTCTATC,926062,100.00%,49.33%,46.48%,4.18%,50.67%
P2-N_L3_808508.R2.clean_AGCAGGAA,762568,100.00%,53.84%,41.89%,4.28%,46.16%
P2-N_L3_808508.R2.clean_TGGAACAA,567111,100.00%,51.96%,45.02%,3.02%,48.04%
P2-N_L3_808508.R2.clean_CTCAATGA,682921,100.00%,61.10%,35.60%,3.30%,38.90%
P2-N_L3_808508.R2.clean_AGGCTAAC,860950,100.00%,48.08%,47.59%,4.33%,51.92%
P2-N_L3_808508.R2.clean_GCCAAGAC,1818514,100.00%,44.32%,50.99%,4.70%,55.68%
P2-N_L3_808508.R2.clean_GTCGTAGA,285169,100.00%,72.64%,23.79%,3.57%,27.36%
P2-N_L3_808508.R2.clean_GCGAGTAA,1050497,100.00%,46.36%,49.47%,4.17%,53.64%
P2-N_L3_808508.R2.clean_AAACATCG,1074398,100.00%,66.34%,30.62%,3.03%,33.66%
P2-N_L3_808508.R2.clean_GATGAATC,6473603,100.00%,85.49%,13.19%,1.33%,14.51%
P2-N_L3_808508.R2.clean_AGTCACTA,583136,100.00%,51.80%,44.90%,3.30%,48.20%
P2-N_L3_808508.R2.clean_ACAAGCTA,913260,100.00%,46.82%,49.11%,4.07%,53.18%
P2-N_L3_808508.R2.clean_AAGGTACA,713982,100.00%,47.11%,49.01%,3.88%,52.89%
P2-N_L3_808508.R2.clean_CATACCAA,520038,100.00%,52.06%,43.44%,4.50%,47.94%
P2-N_L3_808508.R2.clean_AGCCATGC,890746,100.00%,55.87%,40.74%,3.38%,44.13%
P2-N_L3_808508.R2.clean_AGATCGCA,114141,100.00%,88.93%,8.70%,2.38%,11.07%
P2-N_L3_808508.R2.clean_TGGTGGTA,735355,100.00%,46.67%,49.32%,4.01%,53.33%
P2-N_L3_808508.R2.clean_CCTAATCC,1267211,100.00%,57.05%,40.01%,2.94%,42.95%
P2-N_L3_808508.R2.clean_ACAGCAGA,3523913,100.00%,98.02%,1.52%,0.46%,1.98%
