,reads;_of_these:,were_unpaired;_of_these:,aligned_0_times,aligned_exactly_1_time,aligned_>1_times,overall_alignment_rate
P2-N_L3_808508.R2.clean_ACAGATTC,174741,100.00%,77.47%,15.23%,7.30%,22.53%
P2-N_L3_808508.R2.clean_AAGACGGA,133330,100.00%,66.63%,19.13%,14.25%,33.37%
P2-N_L3_808508.R2.clean_AAGGACAC,730317,100.00%,45.51%,49.26%,5.22%,54.49%
P2-N_L3_808508.R2.clean_TCCGTCTA,2893364,100.00%,85.97%,12.75%,1.28%,14.03%
P2-N_L3_808508.R2.clean_TGAAGAGA,187149,100.00%,68.09%,17.09%,14.81%,31.91%
P2-N_L3_808508.R2.clean_GGTGCGAA,757778,100.00%,48.83%,45.91%,5.25%,51.17%
P2-N_L3_808508.R2.clean_CGGATTGC,907449,100.00%,42.97%,51.90%,5.13%,57.03%
P2-N_L3_808508.R2.clean_AACGCTTA,842343,100.00%,50.79%,45.04%,4.17%,49.21%
P2-N_L3_808508.R2.clean_CGAACTTA,466106,100.00%,52.43%,42.54%,5.03%,47.57%
P2-N_L3_808508.R2.clean_CGACACAC,627873,100.00%,45.97%,48.69%,5.34%,54.03%
P2-N_L3_808508.R2.clean_CAAGGAGC,583704,100.00%,47.15%,47.01%,5.84%,52.85%
P2-N_L3_808508.R2.clean_CCTCCTGA,523551,100.00%,49.90%,47.73%,2.37%,50.10%
P2-N_L3_808508.R2.clean_GAGCTGAA,149965,100.00%,93.42%,4.59%,1.99%,6.58%
P2-N_L3_808508.R2.clean_GACTAGTA,697541,100.00%,59.44%,37.31%,3.25%,40.56%
P2-N_L3_808508.R2.clean_CAATGGAA,142005,100.00%,94.50%,4.36%,1.15%,5.50%
P2-N_L3_808508.R2.clean_AATCCGTC,821037,100.00%,51.93%,43.92%,4.15%,48.07%
P2-N_L3_808508.R2.clean_GTACGCAA,503874,100.00%,61.34%,34.09%,4.57%,38.66%
P2-N_L3_808508.R2.clean_ACTATGCA,619050,100.00%,71.94%,25.07%,2.99%,28.06%
P2-N_L3_808508.R2.clean_AATGTTGC,774853,100.00%,54.22%,42.97%,2.81%,45.78%
P2-N_L3_808508.R2.clean_CAGATCTG,147247,100.00%,79.66%,15.78%,4.56%,20.34%
P2-N_L3_808508.R2.clean_CATCAAGT,527934,100.00%,49.17%,46.39%,4.44%,50.83%
P2-N_L3_808508.R2.clean_AAGAGATC,598851,100.00%,44.69%,51.48%,3.83%,55.31%
P2-N_L3_808508.R2.clean_ATCATTCC,215596,100.00%,89.32%,7.94%,2.74%,10.68%
P2-N_L3_808508.R2.clean_CTAAGGTC,1180784,100.00%,48.57%,46.53%,4.89%,51.43%
P2-N_L3_808508.R2.clean_AGAGTCAA,670454,100.00%,53.79%,41.82%,4.39%,46.21%
P2-N_L3_808508.R2.clean_ACACGACC,917541,100.00%,49.96%,45.26%,4.79%,50.04%
P2-N_L3_808508.R2.clean_ATTGGCTC,173812,100.00%,77.40%,15.59%,7.01%,22.60%
P2-N_L3_808508.R2.clean_GGAGAACA,672257,100.00%,51.52%,43.12%,5.36%,48.48%
P2-N_L3_808508.R2.clean_TCTTCACA,212590,100.00%,69.22%,19.06%,11.72%,30.78%
P2-N_L3_808508.R2.clean_CAAGACTA,179394,100.00%,85.97%,9.84%,4.18%,14.03%
