,reads;_of_these:,were_unpaired;_of_these:,aligned_0_times,aligned_exactly_1_time,aligned_>1_times,overall_alignment_rate
P2-N_L3_808508.R2.clean_AACAACCA,4333216,100.00%,99.12%,0.83%,0.05%,0.88%
P2-N_L3_808508.R2.clean_AGCACCTC,113707,100.00%,94.40%,4.39%,1.21%,5.60%
P2-N_L3_808508.R2.clean_ACATTGGC,144404,100.00%,87.38%,8.41%,4.21%,12.62%
P2-N_L3_808508.R2.clean_AGTACAAG,92699,100.00%,97.47%,2.29%,0.24%,2.53%
P2-N_L3_808508.R2.clean_ACGTATCA,172571,100.00%,98.13%,1.70%,0.17%,1.87%
P2-N_L3_808508.R2.clean_GAATCTGA,267952,100.00%,69.39%,27.11%,3.51%,30.61%
P2-N_L3_808508.R2.clean_GAACAGGC,308854,100.00%,70.31%,21.90%,7.79%,29.69%
P2-N_L3_808508.R2.clean_ACGCTCGA,100742,100.00%,69.42%,19.45%,11.13%,30.58%
P2-N_L3_808508.R2.clean_CCGAAGTA,169725,100.00%,97.05%,2.73%,0.22%,2.95%
P2-N_L3_808508.R2.clean_TAGGATGA,93026,100.00%,95.32%,4.14%,0.54%,4.68%
P2-N_L3_808508.R2.clean_ATGCCTAA,3715327,100.00%,42.52%,53.14%,4.33%,57.48%
P2-N_L3_808508.R2.clean_ATTGAGGA,424568,100.00%,98.92%,0.95%,0.13%,1.08%
P2-N_L3_808508.R2.clean_CCATCCTC,238894,100.00%,81.42%,14.09%,4.49%,18.58%
P2-N_L3_808508.R2.clean_ATCCTGTA,183219,100.00%,97.52%,2.20%,0.28%,2.48%
P2-N_L3_808508.R2.clean_CACCTTAC,174467,100.00%,84.94%,11.78%,3.28%,15.06%
P2-N_L3_808508.R2.clean_CTGTAGCC,622445,100.00%,52.11%,44.71%,3.18%,47.89%
P2-N_L3_808508.R2.clean_GCTAACGA,547703,100.00%,93.01%,5.10%,1.89%,6.99%
P2-N_L3_808508.R2.clean_AACCGAGA,201789,100.00%,95.85%,3.80%,0.35%,4.15%
P2-N_L3_808508.R2.clean_CAACCACA,693876,100.00%,60.91%,35.76%,3.33%,39.09%
P2-N_L3_808508.R2.clean_AGATGTAC,183279,100.00%,88.25%,10.69%,1.06%,11.75%
P2-N_L3_808508.R2.clean_AGTGGTCA,994849,100.00%,46.51%,49.71%,3.78%,53.49%
P2-N_L3_808508.R2.clean_ACCACTGT,271678,100.00%,97.95%,1.70%,0.34%,2.05%
P2-N_L3_808508.R2.clean_ACCTCCAA,580052,100.00%,69.36%,27.33%,3.31%,30.64%
P2-N_L3_808508.R2.clean_CTGAGCCA,100903,100.00%,97.26%,2.38%,0.35%,2.74%
P2-N_L3_808508.R2.clean_AACTCACC,336645,100.00%,74.18%,19.12%,6.71%,25.82%
P2-N_L3_808508.R2.clean_TTCACGCA,800122,100.00%,58.31%,38.27%,3.42%,41.69%
P2-N_L3_808508.R2.clean_CCGTGAGA,754773,100.00%,47.36%,46.23%,6.41%,52.64%
P2-N_L3_808508.R2.clean_GCTCGGTA,645627,100.00%,48.44%,47.55%,4.01%,51.56%
P2-N_L3_808508.R2.clean_GACAGTGC,166041,100.00%,97.87%,1.91%,0.22%,2.13%
P2-N_L3_808508.R2.clean_CTGGCATA,340275,100.00%,72.84%,24.08%,3.08%,27.16%
P2-N_L3_808508.R2.clean_CCAGTTCA,857897,100.00%,51.23%,45.18%,3.59%,48.77%
P2-N_L3_808508.R2.clean_TATCAGCA,1578386,100.00%,43.26%,52.83%,3.91%,56.74%
